0.012302
0.0129518
0.0126721
0.0136243
0.013319
0.0128242
0.0123571
0.0145602
0.0121165
0.0134296
0.0118569
0.0137558
0.0120324
0.0121899
0.0120287
0.0131726
0.0117777
0.013436
0.0119535
0.0128941
0.0114011
0.0119176
0.0119516
0.0116906
0.0117509
0.0117852
0.0122407
0.0120953
0.0120337
0.011881
0.0120533
0.0117752
0.011561
0.0119272
0.0116082
0.0116146
0.0121819
0.0123741
0.0120624
0.0119142
0.0119974
0.0117233
0.011894
0.012159
0.0126503
0.01244
0.0127707
0.012747
0.015434
0.0125835
0.0147677
0.0145297
0.0137637
0.0142968
0.014023
0.0143766
0.0141338
0.0142624
0.0143583
0.014788
0.0144301
0.0140025
0.0142588
0.0136595
0.0137145
0.0134951
0.0134469
0.0133659
0.0138032
0.0135906
0.0132167
0.0142902
0.0136193
0.0138248
0.0139039
0.0137405
0.0142527
0.0143941
0.0145987
0.0145347
0.0149417
0.014865
0.015009
0.0187353
0.018356
0.0192305
0.0183348
0.0186084
0.015872
0.0158648
0.0159586
0.0159813
0.0156162
0.0149234
0.0158725
0.0153575
0.014865
0.0150564
0.0144135
0.014638
0.0152937
0.0149835
0.0148279
0.0147519
0.0189172
0.0177736
0.0142911
0.0143156
0.0138714
0.014152
0.0138744
0.0142897
0.0137383
0.0136345
0.01389
0.0134178
0.0133714
0.013769
0.0137801
0.0134707
0.0130885
0.0128712
0.0135381
0.0122755
0.0119369
0.013222
0.0120352
0.0112474
0.0124516
0.0135584
0.0141365
0.0142735
0.013918
0.0138727
0.0142659
0.0135053
0.013647
0.0133407
0.0133121
0.0140723
0.0138545
0.0128864
0.0143178
0.0136758
0.0134235
0.0132287
0.0129671
0.0128155
0.0114883
0.0113737
0.0125766
0.0120479
0.0105199
0.0131441
0.0128615
0.0130081
0.0126842
0.01267
0.0124616
0.0101247
0.012127
0.0101659
0.0100605
0.011604
0.0104283
0.0101261
0.0116466
0.00963902
0.0115765
0.0102451
0.0104006
0.0104714
0.0105662
0.010692
0.0126703
0.012666
0.0128926
0.0113892
0.0115073
0.0115425
0.0116852
0.0118617
0.0124763
0.011717
0.0118239
0.0117699
0.0123248
0.0121654
0.0113208
0.0121661
0.0119204
0.0126641
0.0117948
0.0127305
0.0111463
0.0126752
0.012556
0.0127714
0.0133187
0.0125366
0.0127994
0.0123813
0.013252
0.0131086
0.0122923
0.0124842
0.0124673
0.0124356
0.0123254
0.0117757
0.0122756
0.0120694
0.012306
0.011931
0.0121185
0.011894
0.0115589
0.0123525
0.0116431
0.0111129
0.0108992
0.0117349
0.0113243
0.0115212
0.0111161
0.0112949
0.0113913
0.0109782
0.0113786
0.010653
0.0121933
0.011679
0.0121111
0.0108648
0.0116275
0.0113115
0.0109996
0.0113278
0.0113669
0.0110524
0.0109747
0.0109322
0.0113462
0.0110753
0.0116916
0.011433
0.0123215
0.0118013
0.012206
0.0120124
0.0111477
0.0118969
0.0115777
0.012312
0.011736
0.0122185
0.0114828
0.0118931
0.0121734
0.011776
0.011841
0.0119761
0.012019
0.0115981
0.0118405
0.0115848
0.0114132
0.0116728
0.0114092
0.0111052
0.0112975
0.0111111
0.0108738
0.011407
0.0111862
0.0111836
0.0109502
0.010999
0.0116743
0.0108948
0.011047
0.0112715
0.010739
0.0105526
0.0104095
0.0112009
0.0103001
0.0103161
0.0107293
0.0103555
0.0101726
0.0107763
0.0109653
0.0106752
0.0113209
0.0108153
0.0109718
0.0106928
0.0109722
0.0107076
0.0102314
0.0108125
0.0104156
0.0104191
0.0105193
0.0108004
0.0107966
0.0102786
0.0110658
0.0106513
0.0108264
0.0114364
0.011215
0.0114927
0.0117472
0.0104362
0.0132389
0.010353
0.0103464
0.0103899
0.0105555
0.0103196
0.0108042
0.0103982
0.0108194
0.0106739
0.0103613
0.00995324
0.0105368
0.0100237
0.0100572
0.00999485
0.0103288
0.00990547
0.00952024
0.00990121
0.0102196
0.00968692
0.0100784
0.0094198
0.00986556
0.010027
0.00951524
0.00993066
0.00957699
0.00947003
0.00938745
0.00954023
0.00976834
0.00951249
0.00990489
0.0095732
0.00993731
0.0101145
0.0101848
0.00977773
0.0100331
0.0101009
0.00982634
0.00971542
0.00990266
0.0100784
0.0103827
0.00982809
0.00967195
0.0095922
0.0100243
0.00991597
0.0098014
0.0101306
0.0101251
0.0101299
0.00976266
0.0101567
0.0100894
0.00999284
0.00981594
0.0102533
0.00999577
0.0102821
0.0101235
0.00987078
0.0103746
0.0106761
0.0101828
0.0105637
0.0108332
0.0107831
0.0104786
0.00999523
0.00967304
0.00983181
0.0101268
0.00973968
0.00998101
0.0101133
0.0101164
0.0111074
0.0102019
0.0112348
0.00967096
0.00960693
0.0104431
0.00990519
0.00950972
0.00947934
0.00963271
0.0100669
0.00969609
0.00956735
0.00956605
0.00967665
0.00944393
0.00965283
0.00964632
0.00952425
0.00973665
0.00954453
0.00943774
0.0095425
0.0100872
0.00967569
0.0094906
0.00990733
0.00980905
0.00953611
0.00980794
0.00979993
0.00965204
0.0099515
0.0098594
0.00966392
0.0102668
0.00966754
0.0100183
0.0106518
0.0100879
0.00981539
0.0100213
0.00998083
0.0107228
0.0099773
0.00968563
0.010098
0.0101003
0.0103742
0.0103026
0.00999134
0.00981834
0.00989243
0.0108801
0.010187
0.0103251
0.00977483
0.00962571
0.00997873
0.00961033
0.00996185
0.00988535
0.0098018
0.0102815
0.00979966
0.0098292
0.0102268
0.00975042
0.0101887
0.0100015
0.0102204
0.0102167
0.00971019
0.0104295
0.010146
0.0103343
0.010146
0.0102431
0.0101441
0.0111435
0.00980418
0.0107721
0.0102417
0.0102224
0.0101414
0.0100407
0.0098284
0.0100974
0.0101396
0.00975134
0.00997093
0.0100446
0.0100421
0.0105854
0.0102055
0.0104597
0.0101873
0.0105227
0.0100316
0.0103196
0.0103265
0.0104835
0.00985827
0.0102855
0.0100421
0.00999354
0.0104286
0.0101313
0.0103517
0.0101722
0.0101271
0.0102013
0.0100076
0.0107576
0.0105661
0.0102091
0.0102048
0.010215
0.0101493
0.0110127
0.0100264
0.0109001
0.0101857
0.0102021
0.0108424
0.0103194
0.0107472
0.0106248
0.0108914
0.0105187
0.0108466
0.0108328
0.0105776
0.0117347
0.0103137
0.0104583
0.0115635
0.0104523
0.0106192
0.0107111
0.0106056
0.0105973
0.0110125
0.0109428
0.0106794
0.0111024
0.0124111
0.0115533
0.0112056
0.0108764
0.0108094
0.0116655
0.0116617
0.0115325
0.0115052
0.0116694
0.0117886
0.0113047
0.0115944
0.0116425
0.0112825
0.0113615
0.0144332
0.0118229
0.0116293
0.0116624
0.0117423
0.011503
0.0114633
0.0114086
0.0113776
0.0114158
0.0114378
0.0117475
0.0157058
0.0168604
0.0178421
0.0110943
0.0112303
0.0122027
0.0112754
0.0113234
0.011644
0.011264
0.0109133
0.0109668
0.010856
0.0114919
0.0113294
0.0117619
0.0111468
0.0115622
0.0116851
0.0114205
0.0112803
0.0114092
0.017188
0.0175357
0.0116655
0.0116727
0.0115973
0.0117747
0.0116577
0.0116466
0.0115133
0.0116378
0.0116837
0.0115333
0.011628
0.0119157
0.0118824
0.0118122
0.0118944
0.011509
0.0116274
0.0117706
0.0123489
0.0117585
0.0114716
0.0120417
0.0119738
0.0118608
0.0114834
0.0121731
0.0118861
0.011704
0.011505
0.0112525
0.0109039
0.011447
0.0111224
0.0110546
0.0114792
0.0113408
0.011553
0.011128
0.011241
0.0113518
0.0109017
0.0110005
0.0114804
0.0109237
0.0115991
0.0113635
0.0112239
0.0114799
0.0114492
0.0111328
0.0114196
0.011592
0.0110885
0.0110697
0.0106789
0.0110017
0.010518
0.0107741
0.0108745
0.0108382
0.0106859
0.0107772
0.0111304
0.011428
0.0114096
0.0116073
0.0117178
0.0119976
0.0121366
0.0123732
0.0120283
0.0123975
0.0123531
0.0127958
0.0124069
0.0122048
0.0126792
0.0125989
0.0122387
0.0122403
0.0121116
0.0122818
0.0120412
0.0118724
0.0115805
0.0119491
0.0115309
0.0122281
0.012008
0.0118251
0.0120974
0.0120249
0.0122853
0.0132985
0.0124413
0.0127493
0.0135109
0.0118827
0.0130851
0.0122845
0.0122137
0.0122119
0.0123
0.0122778
0.0124073
0.0121751
0.0118026
0.0122192
0.0130533
0.0131582
0.0133964
0.0137595
0.013445
0.0133741
0.0129663
0.0126663
0.0128404
0.0120498
0.0123158
0.0126134
0.0126875
0.0122788
0.0128039
0.0127512
0.0133863
0.0129649
0.0130651
0.0130996
0.0130086
0.0132539
0.0136461
0.013159
0.0132906
0.0132301
0.0124483
0.0127188
0.0128262
0.0122047
0.0121733
0.0120509
0.012719
0.0121451
0.0122427
0.0122727
0.0122362
0.0124558
0.0119147
0.0124468
0.0125474
0.0139439
0.0137347
0.0138728
0.0137872
0.0140918
0.0133713
0.0135866
0.0133265
0.0130279
0.0135617
0.0132959
0.0137695
0.0137645
0.0132798
0.0132943
0.0131534
0.0131646
0.0134415
0.0129165
0.0121177
0.0120011
0.0120416
0.0116288
0.0119793
0.0115161
0.0121917
0.0119576
0.0119011
0.0126118
0.0119969
0.0120822
0.0121519
0.0124202
0.0122318
0.0128967
0.0128083
0.0128464
0.0130372
0.0132169
0.0134524
0.0118115
0.0121386
0.0119807
0.0120125
0.0119666
0.0120264
0.0121649
0.0117837
0.011926
0.0113324
0.0131713
0.0129369
0.0132935
0.0127638
0.0130174
0.0118535
0.0117539
0.0120829
0.0119953
0.0121008
0.0122134
0.0122501
0.0127822
0.0129736
0.0131292
0.0127975
0.0130545
0.0138876
0.0142125
0.0137803
0.0138026
0.0135371
0.0133886
0.0139257
0.0137031
0.0138716
0.0136507
0.0140324
0.0142202
0.0138564
0.0137602
0.0139612
0.0141527
0.0142823
0.0142847
0.0144809
0.0142446
0.0151393
0.0145725
0.0140858
0.0143076
0.0139483
0.0143207
0.0138231
0.013645
0.0138949
0.0139851
0.0142948
0.0142326
0.0141009
0.0141884
0.014296
0.0137188
0.0135698
0.0125928
0.0127164
0.0126984
0.0140721
0.0141414
0.0118993
0.0119428
0.0124571
0.0118804
0.0116482
0.0122101
0.0121737
0.0121114
0.0121883
0.0120463
0.0135196
0.0130575
0.0134092
0.0130784
0.0133956
0.0133421
0.0131648
0.0125557
0.0123787
0.0120962
0.0126163
0.0126565
0.0124769
0.0127612
0.0131315
0.0131053
0.0127654
0.0127602
0.0131636
0.0134734
0.0131358
0.0126888
0.0127407
0.0132562
0.0128015
0.0135832
0.0130197
0.0127701
0.0125937
0.0124505
0.0127756
0.0127403
0.0129482
0.012873
0.0129261
0.0124357
0.0125317
0.0123798
0.0126192
0.0130362
0.0128437
0.0127784
0.0127288
0.0129905
0.0125255
0.0131114
0.0132144
0.0133409
0.0127038
0.0125234
0.0122325
0.0120348
0.0125066
0.0125944
0.012067
0.0121682
0.0116878
0.011946
0.0120142
0.0119421
0.01216
0.0120456
0.0122333
0.0120899
0.0122839
0.0122388
0.0122115
0.0119068
0.0121613
0.0123212
0.0124265
0.0124258
0.0119922
0.0124327
0.012497
0.0119535
0.0124099
0.0118701
0.0119448
0.0117331
0.0118772
0.0117864
0.0119465
0.0121627
0.0123821
0.0122578
0.0116748
0.0118866
0.0120756
0.0118578
0.0115243
0.011992
0.0118851
0.0124274
0.0118438
0.0118723
0.0120393
0.0123242
0.012434
0.0122368
0.0124831
0.0124505
0.0124438
0.0126163
0.0124903
0.0131253
0.0120644
0.0122262
0.0122911
0.0120318
0.012115
0.0116371
0.0115098
0.0124125
0.0127016
0.0121869
0.0117177
0.0117749
0.0116683
0.0118297
0.0117947
0.0121089
0.0114284
0.0122275
0.0120767
0.012117
0.0116985
0.0115997
0.0117088
0.0112147
0.0111525
0.0111989
0.0116516
0.0110939
0.0108903
0.0111917
0.0111976
0.0119185
0.0118897
0.0121509
0.0272449
0.0122787
0.011871
0.0118127
0.0122203
0.0117297
0.0113504
0.0110271
0.0113915
0.0110461
0.0112602
0.0116838
0.0113848
0.0118928
0.0171159
0.0123227
0.0114827
0.0112113
0.0113813
0.0115688
0.0183268
0.0139473
0.0113619
0.0112133
0.0116325
0.0114396
0.0113152
0.0109581
0.0114891
0.0121794
0.0112711
0.0114771
0.0114888
0.01138
0.0113033
0.0109492
0.0115571
0.0113568
0.0115809
0.0113504
0.0113699
0.0114593
0.0115215
0.0120936
0.0114341
0.0120219
0.0108917
0.011089
0.0113585
0.0112278
0.0113997
0.0110795
0.0113418
0.0112319
0.0114793
0.0113466
0.0111351
0.011228
0.0111951
0.0109605
0.0111006
0.0114351
0.0114554
0.0117458
0.0115579
0.0117476
0.011314
0.0114487
0.012183
0.0116786
0.0115345
0.0118566
0.0116169
0.0115657
0.0116787
0.0116608
0.0119315
0.0119005
0.0116724
0.0118068
0.0117765
0.0120697
0.0117493
0.0115525
0.0120523
0.0119702
0.0115471
0.0115843
0.0120135
0.0118871
0.0115867
0.0120857
0.0117682
0.0121062
0.0121001
0.011527
0.0118728
0.0119867
0.0115688
0.0116385
0.0118098
0.0120184
0.0121485
0.0119197
0.0125025
0.0119501
0.0120477
0.0124261
0.0126854
0.012216
0.011938
0.0119787
0.0117303
0.0122307
0.0114842
0.0117184
0.011558
0.0119558
0.0117284
0.0114348
0.0117762
0.0115281
0.0115781
0.0115576
0.0115377
0.0121033
0.0120243
0.0116961
0.011743
0.0118033
0.0119716
0.0116587
0.0116468
0.0121052
0.0118391
0.0119734
0.0121866
0.0118842
0.0121166
0.0117711
0.0121397
0.012327
0.0119092
0.0123318
0.0115769
0.0121166
0.0121802
0.0124358
0.0126381
0.0124189
0.0120849
0.0116919
0.0114596
0.0116745
0.0118923
0.0115963
0.0115319
0.0112548
0.0111513
0.011091
0.0116027
0.0110699
0.0113153
0.0109877
0.0114424
0.0112207
0.0110465
0.0114915
0.0116772
0.0108005
0.0129078
0.0123111
0.0126549
0.0110441
0.0110518
0.0110971
0.0110262
0.0110759
0.0107191
0.0109939
0.0110218
0.0110634
0.0125309
0.0125391
0.0126877
0.0127214
0.0124817
0.0125218
0.0124998
0.0124929
0.0123619
0.011204
0.0109348
0.0109051
0.0119184
0.0121555
0.011067
0.0128154
0.0117343
0.011747
0.0124047
0.012543
0.0125746
0.012125
0.0122407
0.0124279
0.0127481
0.0125315
0.0123463
0.0125766
0.0126269
0.0122244
0.012248
0.0124448
0.0127626
0.0110368
0.0111956
0.0106378
0.0112221
0.0126499
0.0124624
0.0125505
0.0121059
0.0125402
0.0111323
0.0112808
0.0111173
0.0112055
0.011308
0.0109051
0.0110325
0.0127158
0.0110613
0.0120026
0.01086
0.0108036
0.0124231
0.0122771
0.012214
0.0111736
0.011264
0.0111524
0.0109305
0.010989
0.0123949
0.0125919
0.0128237
0.0125646
0.0119066
0.013836
0.0119825
0.0111704
0.0121375
0.0111582
0.0118674
0.0111964
0.0110207
0.0109425
0.011138
0.0109776
0.0111888
0.0110098
0.0110935
0.0122668
0.0121615
0.0122836
0.0120077
0.0126067
0.0122615
0.0124356
0.0123469
0.0119341
0.0121373
0.0120947
0.0120721
0.0121609
0.0122187
0.012033
0.0118473
0.0118959
0.0120407
0.0104328
0.0107118
0.0118533
0.0121021
0.0120871
0.0108017
0.0106096
0.0104684
0.0108796
0.0103835
0.0108629
0.0107147
0.0103661
0.0122549
0.012185
0.0101858
0.0101428
0.0101806
0.0104188
0.00998933
0.0106116
0.0102806
0.0104889
0.0103608
0.0102386
0.010149
0.0103041
0.00988605
0.0102674
0.0102795
0.0105978
0.010307
0.0101622
0.0102794
0.01013
0.0103407
0.0100716
0.0102031
0.0101991
0.00986336
0.010449
0.0104535
0.0099769
0.0103449
0.0102975
0.0100266
0.0100994
0.0104314
0.0100298
0.0112021
0.0101728
0.0110954
0.010287
0.0102997
0.0109717
0.0101668
0.010152
0.0104756
0.0105596
0.00998196
0.0101168
0.0105245
0.0102222
0.0101215
0.0102901
0.0102903
0.0110491
0.0103019
0.010485
0.0104657
0.0113114
0.010213
0.0102721
0.0101861
0.0109165
0.0103096
0.0121437
0.00999203
0.0120132
0.0120668
0.01036
0.0102846
0.0102496
0.0101812
0.0102451
0.0103345
0.0101312
0.0104565
0.0104767
0.0102706
0.0105055
0.0121161
0.0105184
0.0104267
0.0102041
0.0104967
0.0120376
0.0122514
0.0103924
0.010508
0.0104746
0.0101981
0.0104737
0.010452
0.0104651
0.0104922
0.0104089
0.0105636
0.0108496
0.0102801
0.0106265
0.0104724
0.0103159
0.0106105
0.0109587
0.0103608
0.0103887
0.0102649
0.010455
0.0104459
0.0105628
0.0105523
0.010232
0.0120476
0.0100938
0.012084
0.0119621
0.0101689
0.0119231
0.0103793
0.0119167
0.010249
0.0104059
0.0100631
0.0101359
0.0101529
0.0101998
0.0103248
0.0103558
0.00996759
0.0119256
0.0103745
0.01014
0.0106244
0.0104171
0.0102491
0.0104917
0.0101572
0.00999306
0.0101167
0.0102915
0.010146
0.010261
0.0103271
0.0120637
0.0102042
0.0103142
0.0100938
0.0108291
0.0104968
0.010329
0.0102919
0.0101748
0.0105567
0.0103401
0.0106242
0.01016
0.0101502
0.010344
0.00992872
0.0103583
0.0102049
0.0105937
0.0103925
0.0104
0.0105398
0.0100235
0.0101665
0.0104034
0.0105294
0.0104323
0.0104728
0.0101616
0.0104679
0.0103189
0.0106326
0.0102386
0.0101715
0.0103206
0.00999006
0.012133
0.0102283
0.0104331
0.0102496
0.0102443
0.0104718
0.0117899
0.0102347
0.0104267
0.0120825
0.0103466
0.0120202
0.0121014
0.0119474
0.0102234
0.0102613
0.0118492
0.0118706
0.0119085
0.0118123
0.0120136
0.0101938
0.0120919
0.0119002
0.0120731
0.0121619
0.0119456
0.0119624
0.0118882
0.0107164
0.011815
0.010039
0.0103639
0.0100819
0.0118715
0.0117203
0.0101777
0.0108755
0.0101584
0.0102761
0.0100333
0.0121016
0.0120042
0.0119689
0.0103003
0.0101302
0.0108286
0.0118736
0.0101171
0.0119604
0.0118448
0.0111576
0.0101006
0.0103818
0.0103614
0.0107342
0.0105743
0.010346
0.0102922
0.0115252
0.0111168
0.0104606
0.0106453
0.0108792
0.0114001
0.010577
0.011325
0.0113027
0.0105436
0.0113966
0.0107105
0.0103809
0.010571
0.0107838
0.0105506
0.0106596
0.0112257
0.0105165
0.0108939
0.010193
0.00998339
0.010303
0.0108732
0.0105453
0.0102794
0.0103351
0.0103966
0.0103868
0.0100479
0.0106333
0.0104582
0.0104431
0.0106721
0.0104277
0.0106561
0.010593
0.0107719
0.0106677
0.0102761
0.012013
0.00992456
0.0106633
0.0112413
0.010773
0.0120601
0.0106885
0.0101616
0.0107938
0.0105867
0.0120626
0.0118851
0.0121117
0.010392
0.011495
0.0124188
0.0121928
0.0122195
0.0120109
0.0121618
0.0112613
0.010766
0.0109927
0.0109617
0.0106686
0.010992
0.0108161
0.011077
0.0105597
0.0107192
0.010777
0.0112224
0.0108611
0.0121059
0.01042
0.0103592
0.0104042
0.0101447
0.0101219
0.0101786
0.0141912
0.00997389
0.0100944
0.00988945
0.010076
0.0102961
0.0104901
0.010159
0.0101089
0.00979361
0.0101445
0.0103706
0.0102306
0.0118576
0.00995608
0.00990166
0.0119735
0.0117536
0.00996386
0.00998629
0.0119113
0.0101571
0.0106174
0.0107058
0.0101983
0.0107545
0.0112299
0.0108566
0.0111924
0.0120604
0.0110265
0.0115175
0.0107029
0.011017
0.0108273
0.0102452
0.010574
0.010742
0.0119543
0.0108523
0.0109035
0.0109578
0.0108796
0.0107743
0.0109425
0.0108968
0.0110682
0.010697
0.0107916
0.0108926
0.0109884
0.0102527
0.0100441
0.0112749
0.0105718
0.0120755
0.0118711
0.0123709
0.0122828
0.0119104
0.0117888
0.0119545
0.01204
0.0122915
0.0119576
0.012128
0.0122518
0.0118117
0.0122363
0.0119947
0.0122373
0.0118141
0.0120134
0.0121159
0.0121232
0.0121926
0.0119717
0.0118826
0.0117893
0.0120035
0.0107564
0.0107366
0.0107711
0.0114136
0.0107711
0.0109908
0.0105031
0.0106834
0.0105802
0.0106561
0.0105523
0.0104561
0.0107716
0.0106337
0.0105395
0.0104482
0.0114149
0.0104647
0.0104296
0.0104465
0.0105961
0.0114513
0.0104508
0.0109728
0.0126447
0.0104903
0.0123991
0.0100429
0.0111091
0.0101595
0.0104225
0.010463
0.0117532
0.011105
0.0110034
0.0108495
0.0103374
0.0101525
0.0103121
0.0101008
0.0103452
0.0168887
0.0102311
0.0102124
0.0104083
0.0101503
0.0103783
0.0102395
0.0102853
0.0104168
0.00997274
0.0103592
0.0102311
0.0142018
0.0143619
0.0140336
0.0148325
0.014903
0.0145599
0.0142102
0.0150801
0.0145963
0.01443
0.0152316
0.0144943
0.0145806
0.0141572
0.0143886
0.013792
0.0145218
0.015064
0.0118317
0.0103145
0.0100822
0.0100723
0.0101194
0.0102604
0.0100306
0.0104005
0.0101404
0.0101737
0.0101686
0.00986428
0.010143
0.0101414
0.0103215
0.00998646
0.0101109
0.00989574
0.0100519
0.010335
0.0100113
0.0100513
0.00994259
0.0101515
0.0106992
0.0100292
0.0103807
0.0101954
0.0102743
0.0120234
0.0102994
0.0103131
0.0101359
0.0102361
0.0106025
0.010308
0.0103774
0.0106651
0.0109571
0.0101286
0.0103589
0.0108685
0.0120509
0.0103597
0.0103606
0.0100019
0.0118586
0.010317
0.0101642
0.0103017
0.0121306
0.0104462
0.0120857
0.00993295
0.0119776
0.0121171
0.0121817
0.0121972
0.0106705
0.0105705
0.0107427
0.010662
0.0108312
0.0101082
0.0105039
0.0106883
0.0106683
0.0109609
0.0106369
0.010385
0.0122691
0.0102072
0.0121477
0.0121659
0.0119774
0.0120851
0.0122372
0.0121253
0.0122813
0.0121717
0.0122239
0.010477
0.0101242
0.0122552
0.012123
0.0121452
0.0119957
0.0118905
0.0121332
0.012184
0.0122025
0.0122782
0.0121406
0.0121284
0.012077
0.0122344
0.0121933
0.0120249
0.0123491
0.0106403
0.0107892
0.0121859
0.0121697
0.0122635
0.0121919
0.0122219
0.0120645
0.0121722
0.012141
0.0123151
0.0121078
0.0123114
0.0101209
0.0122189
0.0120988
0.0123469
0.0123752
0.0121524
0.012049
0.0118994
0.0120668
0.0120182
0.0118465
0.0120678
0.012302
0.0121333
0.0122482
0.0120284
0.0122444
0.010665
0.0109178
0.0106479
0.0124171
0.0118972
0.0122776
0.0121239
0.0113516
0.0108013
0.0108108
0.0109226
0.0107317
0.0110738
0.0108412
0.0107028
0.0109217
0.0109247
0.0107731
0.011153
0.0107226
0.0109376
0.0107287
0.0108022
0.0109168
0.0107834
0.0107205
0.0109217
0.0107337
0.0108513
0.0107286
0.0107048
0.0108869
0.0107692
0.0106748
0.0111097
0.0110238
0.01074
0.0107662
0.0107931
0.0108539
0.0109664
0.0108409
0.0108807
0.0108539
0.0107476
0.010863
0.0108229
0.0109633
0.0108506
0.0106425
0.0122569
0.0122512
0.0109898
0.0108086
0.0109276
0.0109492
0.0109162
0.010847
0.0112069
0.0109728
0.0109076
0.0110017
0.0107571
0.0109737
0.0109921
0.0110584
0.0108684
0.0112241
0.0107563
0.0121843
0.0109713
0.010921
0.0108544
0.0113217
0.0107734
0.010954
0.0108159
0.0111726
0.0112625
0.0112992
0.0109337
0.0111101
0.0112549
0.0113608
0.0116678
0.0112842
0.0112176
0.0113706
0.0114155
0.0113699
0.0114519
0.011489
0.0113017
0.0112363
0.0113728
0.0115032
0.011218
0.0114089
0.0114606
0.0112772
0.0115839
0.0115266
0.011478
0.0113415
0.0115163
0.0114861
0.0112051
0.0113411
0.0114718
0.0115076
0.0113551
0.0115099
0.0116697
0.0118355
0.0115877
0.0117254
0.0117189
0.0118612
0.0116756
0.0117706
0.0119126
0.0121668
0.0118919
0.0118375
0.0123225
0.011956
0.0117691
0.0121872
0.0120493
0.0119865
0.0118075
0.0118182
0.0121434
0.0120943
0.0119836
0.012188
0.012353
0.012247
0.0121362
0.012338
0.0124524
0.0118825
0.0122537
0.0120125
0.0119471
0.0125945
0.0134353
0.0139782
0.0136925
0.0137817
0.0133863
0.0120364
0.0128481
0.0118526
0.0116568
0.011669
0.0122648
0.013222
0.0121543
0.0129171
0.012402
0.0123451
0.0133172
0.0119788
0.0128258
0.0121261
0.0128232
0.0124651
0.0128823
0.0130853
0.0149965
0.0129072
0.0129344
0.0129969
0.0135835
0.0134807
0.0127856
0.0130369
0.0134608
0.012909
0.0132405
0.0131039
0.0137554
0.0129599
0.013105
0.0129482
0.0133549
0.0125209
0.014036
0.0126246
0.012799
0.0135589
0.0128508
0.0136896
0.0135063
0.0134876
0.013529
0.0134187
0.0134012
0.0136953
0.01319
0.0136266
0.0131681
0.0134901
0.0130139
0.0132437
0.0137607
0.01372
0.0137937
0.012339
0.0142664
0.0123999
0.0125716
0.0124809
0.0123273
0.0128299
0.0126324
0.0127749
0.0125434
0.0131237
0.0128317
0.0135243
0.0128651
0.0135003
0.0126831
0.0128207
0.0127341
0.0132379
0.0142591
0.0131875
0.0142977
0.0131707
0.0129423
0.0128452
0.0127685
0.0130545
0.0142714
0.0146656
0.0126231
0.0140194
0.013657
0.0127697
0.0128289
0.0130319
0.0152433
0.0127544
0.0129725
0.0128597
0.012955
0.013244
0.0128083
0.0130281
0.0130092
0.0144302
0.0142914
0.0144037
0.0138149
0.0143229
0.0143418
0.0142543
0.0145272
0.0139256
0.0133905
0.0137205
0.0131069
0.0136507
0.0132832
0.0134002
0.01295
0.013469
0.0128983
0.0135141
0.0127245
0.0131242
0.0133935
0.0132038
0.0131223
0.0129666
0.013481
0.0131729
0.0135552
0.0129718
0.013252
0.0133987
0.0133231
0.013675
0.0127514
0.014199
0.0141269
0.0143507
0.014343
0.0142379
0.0146863
0.0143242
0.014943
0.0145328
0.0136257
0.01352
0.0135012
0.0133097
0.0132375
0.0128523
0.0128457
0.013109
0.0130513
0.013245
0.0131546
0.0133399
0.0136814
0.0129895
0.0133358
0.0137088
0.0132784
0.0133939
0.0131618
0.0134975
0.014389
0.0142698
0.0147259
0.0141638
0.0142402
0.0142211
0.0142632
0.0143813
0.0140948
0.0152085
0.0148686
0.0147421
0.0150918
0.015137
0.0149029
0.0151958
0.0153526
0.0150926
0.014798
0.0152936
0.0150422
0.0147492
0.0149843
0.0155108
0.0147943
0.0153676
0.0150468
0.0151605
0.0151938
0.015191
0.0148027
0.0147902
0.0148073
0.0147996
0.0134232
0.0137625
0.0136213
0.0140202
0.0134251
0.0135423
0.01407
0.0130927
0.0140575
0.0131203
0.0135184
0.0129236
0.0128079
0.0136026
0.0133399
0.0140477
0.0133838
0.0135482
0.013698
0.0136259
0.0136488
0.0132791
0.0136852
0.0130615
0.0141286
0.014271
0.0144481
0.0131318
0.0130271
0.0126568
0.0133018
0.0142282
0.0133018
0.0142714
0.013495
0.013509
0.0135742
0.0134472
0.0144635
0.0138416
0.0144047
0.0134181
0.0145036
0.0130331
0.0140566
0.0134615
0.0135532
0.0143923
0.0133184
0.0142541
0.0147376
0.0136135
0.0131317
0.0136909
0.0133077
0.0133511
0.0136157
0.0133437
0.0131195
0.0130511
0.013185
0.0133053
0.0128916
0.0127542
0.0133355
0.0135724
0.0143831
0.0149731
0.014807
0.0145605
0.0133646
0.0147935
0.0144917
0.0147954
0.014754
0.0148529
0.0148337
0.0148827
0.0147053
0.0145059
0.0146512
0.014772
0.0145236
0.0150009
0.0146816
0.0147314
0.0146769
0.0143846
0.0133169
0.0133418
0.0142913
0.0138933
0.0134523
0.0135621
0.0143038
0.0131903
0.013187
0.0142983
0.0132749
0.0141139
0.014781
0.0146139
0.0147236
0.0147991
0.0146896
0.0145362
0.0145587
0.0141636
0.0137688
0.0144385
0.0149597
0.015033
0.0145538
0.0148215
0.0146262
0.0146986
0.0148442
0.0149711
0.0147032
0.0148467
0.0148277
0.0149643
0.0146661
0.0149989
0.0150156
0.0145371
0.0147333
0.0153363
0.0151166
0.0149665
0.0150213
0.0149894
0.0150595
0.0153479
0.0156638
0.0152758
0.0153899
0.0156926
0.0154761
0.0155529
0.0150186
0.0151889
0.0155525
0.0160669
0.0137499
0.0151768
0.0141954
0.0142056
0.0138446
0.0149841
0.0135907
0.0143374
0.0143869
0.0137609
0.0146252
0.0140016
0.0145435
0.0135548
0.0136532
0.0130298
0.0131889
0.0150749
0.0132295
0.0149943
0.0131847
0.0129795
0.0144804
0.0128985
0.0127764
0.0126476
0.0129312
0.012683
0.0128511
0.0129022
0.0133127
0.0130012
0.0128318
0.0131695
0.0130315
0.0129715
0.0125852
0.0129152
0.0128461
0.0128184
0.0129966
0.0128512
0.013031
0.013226
0.0133447
0.013495
0.0138561
0.013681
0.0137439
0.0155465
0.0159835
0.0154446
0.0148248
0.0152622
0.0153212
0.015113
0.0153064
0.0149224
0.0146063
0.0146775
0.0146585
0.0142347
0.0144447
0.0150112
0.0148381
0.0144766
0.014737
0.0151074
0.0148605
0.0141261
0.0142431
0.0141172
0.0147248
0.0141937
0.014069
0.0140596
0.0140936
0.0142552
0.0142617
0.0143831
0.0145242
0.0144216
0.0147963
0.0144625
0.0146782
0.0144293
0.0150745
0.0128672
0.0133725
0.0151142
0.0131954
0.014499
0.0132715
0.0153032
0.0130364
0.0153155
0.0131669
0.0136623
0.0149402
0.0126128
0.0149993
0.0126686
0.0131084
0.0129354
0.0127281
0.0127632
0.0130505
0.013072
0.0130522
0.0127806
0.0130205
0.0131309
0.0130296
0.0134218
0.0131407
0.0126422
0.0128546
0.0128457
0.0125349
0.0128057
0.0122962
0.012644
0.0122119
0.0162722
0.0177007
0.0172387
0.0174305
0.0174743
0.017834
0.0169589
0.0174062
0.0177371
0.0174218
0.0170448
0.0139909
0.013876
0.0137231
0.0135519
0.013826
0.0137275
0.0136765
0.0123468
0.013858
0.0135459
0.0137914
0.0137696
0.013475
0.0136854
0.0135661
0.0135891
0.0137219
0.0138072
0.0139971
0.0136954
0.0137486
0.0140272
0.0141748
0.0142002
0.0139177
0.0139115
0.013747
0.0131142
0.0141762
0.0140617
0.0123302
0.0132794
0.0122235
0.0124041
0.0122726
0.0122311
0.013046
0.0120632
0.0127668
0.0134548
0.0137516
0.0137765
0.0136513
0.0136712
0.0135126
0.013639
0.0135044
0.0135005
0.0132792
0.0135042
0.0133441
0.0134399
0.0134573
0.0132287
0.0136974
0.0138105
0.012939
0.0143585
0.0123961
0.0115859
0.0118355
0.01286
0.0124922
0.012747
0.0138567
0.0123284
0.0117309
0.011915
0.0122324
0.0118219
0.0130212
0.0120514
0.013026
0.0118324
0.013168
0.0132827
0.0132605
0.012341
0.0120039
0.0123423
0.0129623
0.0130237
0.0128327
0.012979
0.013844
0.011734
0.0116013
0.0115487
0.0117176
0.0116539
0.0124634
0.0114091
0.0115066
0.0115393
0.011405
0.0115343
0.0116481
0.0129458
0.0119078
0.0114136
0.0134539
0.0113363
0.0115434
0.0114195
0.0112665
0.0157928
0.0160349
0.0158882
0.0160404
0.0159031
0.0159372
0.015772
0.0126708
0.0128127
0.0127481
0.0128413
0.0129496
0.0130381
0.0125437
0.0125086
0.0126981
0.0127747
0.0158548
0.0108367
0.0111103
0.0113922
0.0110416
0.013275
0.0114108
0.0110011
0.0110366
0.010401
0.0103709
0.0109756
0.0113405
0.011097
0.0118505
0.0112147
0.0108999
0.0110563
0.0110102
0.0111353
0.0103376
0.0111733
0.0110375
0.0112795
0.0123137
0.0128991
0.012229
0.0121292
0.012593
0.012917
0.0123943
0.0125085
0.0128179
0.0129522
0.0126984
0.0127229
0.0123373
0.0124865
0.0120732
0.0121695
0.0120514
0.0103014
0.0122959
0.012389
0.0122372
0.0122496
0.012206
0.0107017
0.010389
0.0108414
0.0101892
0.0110064
0.0110822
0.0107433
0.0121834
0.0126257
0.0106777
0.0120239
0.0117117
0.0115804
0.0101691
0.0119076
0.0120974
0.0121332
0.0119361
0.0121379
0.011749
0.0118404
0.0120098
0.0121138
0.0122868
0.0120903
0.0116395
0.0125583
0.0124128
0.0122414
0.0124376
0.0118726
0.0122292
0.0106204
0.0108247
0.0105956
0.0110196
0.0105858
0.0104356
0.0107198
0.0109716
0.0113533
0.0112486
0.0113561
0.0117256
0.0114594
0.0111658
0.0111211
0.0109687
0.0109993
0.0110665
0.0114825
0.0118759
0.0112344
0.0114839
0.0110022
0.0106415
0.0117803
0.0115138
0.0121758
0.0115998
0.0126691
0.0119833
0.0116809
0.013968
0.0120538
0.012399
0.0115115
0.0114196
0.0133506
0.0110436
0.0104243
0.00935364
0.00930286
0.0093477
0.00945303
0.00919216
0.00871822
0.00876009
0.00837743
0.00838477
0.00791595
0.00762826
0.00753599
0.00709991
0.00741734
0.00892678
0.00729062
0.00764284
0.00762643
0.00733356
0.00836389
0.00826343
0.007899
0.00805691
0.00818677
0.00866829
0.00839681
0.0084882
0.00853028
0.00880985
0.00881355
0.00816127
0.00827603
0.00894137
0.00874698
0.0087268
0.00900655
0.00853732
0.00906157
0.00938069
0.00959617
0.0101817
0.0106526
0.0107591
0.010555
0.0106101
0.00999229
0.0106587
0.0111227
0.0108722
0.0115481
0.0112451
0.0115207
0.0127852
0.0117453
0.0107891
0.01111
0.0123487
0.0124014
0.012503
0.0124818
0.0127591
0.0121785
0.013802
0.0132571
0.0119417
0.0128632
0.0124932
0.0109076
0.0107319
0.0108681
0.0123999
0.0113037
0.0137631
0.012027
0.0111916
0.0133803
0.0108376
0.0133269
0.0112139
0.0115531
0.0136436
0.0142068
0.0126993
0.0130321
0.0130836
0.0129787
0.0120359
0.0129031
0.0130364
0.0125897
0.0130769
0.0124371
0.0130931
0.0132223
0.0125459
0.0122989
0.0124294
0.0134017
0.0162805
0.012967
0.0128343
0.012997
0.0139488
0.0139462
0.0145081
0.0142797
0.0148781
0.0151067
0.0153067
0.0148718
0.0153336
0.0155159
0.0155978
0.0157263
0.0154608
0.0151563
0.0139338
0.0142872
0.0142728
0.014397
0.0142059
0.0141572
0.0136493
0.0145905
0.014394
0.0140701
0.0141636
0.0139486
0.0138054
0.0132509
0.0137658
0.0137001
0.0144354
0.0135421
0.0128669
0.0138397
0.0142252
0.0145656
0.0145511
0.0136423
0.0138931
0.0139515
0.0134826
0.0130784
0.0130312
0.0134242
0.0123046
0.0136308
0.0124128
0.012012
0.0131242
0.0122271
0.0124945
0.0118388
0.0122887
0.0121246
0.0118468
0.0126008
0.0120441
0.0123616
0.0121274
0.0121321
0.0119905
0.0129434
0.0114826
0.0119393
0.0133882
0.0124623
0.0129194
0.0127096
0.0125573
0.0116548
0.0115179
0.0112591
0.0110001
0.0115191
0.0113685
0.0127975
0.0114982
0.0113519
0.0116747
0.0126568
0.012724
0.0121188
0.0117686
0.011679
0.0115625
0.0117314
0.0113236
0.011807
0.01193
0.0130195
0.0131859
0.013227
0.0139602
0.0136562
0.0136799
0.0135511
0.0135461
0.0132605
0.0131769
0.0128073
0.0130403
0.0135246
0.0132263
0.013638
0.0132877
0.0140677
0.0137761
0.01368
0.0132373
0.0128947
0.0131374
0.0130682
0.0126126
0.0128654
0.013161
0.0129758
0.0131322
0.0126654
0.0131202
0.0126438
0.0122311
0.0114114
0.00956795
0.0116901
0.0116326
0.0113766
0.0121223
0.012206
0.0129326
0.0130259
0.0133219
0.013683
0.0135119
0.0134738
0.0134239
0.013024
0.0129887
0.0128351
0.0136376
0.0136387
0.0140547
0.0133673
0.0121107
0.0139978
0.014085
0.0145426
0.0144312
0.0147995
0.0144029
0.0141279
0.0145348
0.0144835
0.0140893
0.0130681
0.0134548
0.0133087
0.0134107
0.0195549
0.0194953
0.019157
0.014026
0.0139189
0.0138891
0.0157662
0.0153591
0.0153288
0.0154606
0.0152189
0.0155299
0.015243
0.0150962
0.0159843
0.0162809
0.0155328
0.0163819
0.0150329
0.0156649
0.0144491
0.0156437
0.0148971
0.0153339
0.0139877
0.0159579
0.0159382
0.0160781
0.0157862
0.0160452
0.0158291
0.0161262
0.0165728
0.0156484
0.0159856
0.0157452
0.0163788
0.0162488
0.0163929
0.0169255
0.0159237
0.0161042
0.0163114
0.0164951
0.0164542
0.0163503
0.0155056
0.0161233
0.0167098
0.015114
0.015955
0.015269
0.0154432
0.0159473
0.0149627
0.0160014
0.0154492
0.0152116
0.0150923
0.0152005
0.0151187
0.0160129
0.0154333
0.0226123
0.0158362
0.0155996
0.0156826
0.0149522
0.0153775
0.0149426
0.0149657
0.0150223
0.0152912
0.0154236
0.0151521
0.015032
0.0156742
0.015225
0.0152241
0.0152767
0.0151897
0.0148903
0.0156467
0.0145096
0.0149277
0.0149693
0.0158348
0.0154182
0.0157347
0.0153183
0.0143191
0.0157262
0.0152387
0.0152866
0.0156664
0.015335
0.0152527
0.0155121
0.0156318
0.0150078
0.0152662
0.0147152
0.0146567
0.015619
0.0144653
0.0149022
0.014778
0.0145486
0.0145264
0.0145595
0.0145985
0.014331
0.0154708
0.0154804
0.0155557
0.0148586
0.0147749
0.014971
0.0162712
0.0157098
0.0154849
0.0159863
0.0154661
0.0159652
0.0153482
0.0154479
0.0157677
0.0158788
0.015712
0.0160112
0.0158351
0.0152506
0.0148019
0.0156177
0.0157058
0.0146477
0.0158689
0.0156172
0.0139587
0.0137505
0.0136018
0.0140123
0.0134605
0.0149109
0.0142352
0.0137628
0.014699
0.0138244
0.0141954
0.0151625
0.0146743
0.0138422
0.0142554
0.0138575
0.0149311
0.0147248
0.014796
0.0151377
0.0152961
0.0150323
0.0155403
0.0156356
0.0152456
0.0152104
0.0153645
0.0153436
0.0150897
0.0153194
0.0151911
0.015018
0.0148036
0.0148922
0.0150882
0.0154707
0.0148665
0.0143771
0.0136672
0.0141229
0.0138938
0.0133109
0.0130749
0.0156995
0.0133796
0.0135488
0.013656
0.0135509
0.0145293
0.0135756
0.0141932
0.0138874
0.013417
0.0138408
0.0137292
0.0127308
0.0139783
0.012895
0.0141566
0.013142
0.0144341
0.0133989
0.0142133
0.0149384
0.0150357
0.0146045
0.0147573
0.0145526
0.0143311
0.0147704
0.0148041
0.0148132
0.0133809
0.0127981
0.0146679
0.014399
0.0147833
0.015045
0.0146922
0.0147034
0.0148616
0.0147843
0.0148793
0.0149996
0.0147901
0.0149218
0.0146118
0.0148372
0.0151383
0.0150133
0.0148255
0.0149913
0.0147554
0.0152518
0.014816
0.0152477
0.0147866
0.0194438
0.0192972
0.0148377
0.0138852
0.0142814
0.0146091
0.0140736
0.0155494
0.014806
0.0155861
0.0149054
0.0154289
0.0155462
0.013707
0.0135743
0.0139501
0.0136455
0.0137829
0.0139885
0.0139118
0.0141372
0.0141736
0.0140559
0.0142104
0.0143918
0.0150154
0.0155785
0.0139278
0.015608
0.0138517
0.0153304
0.0143864
0.0138574
0.0147616
0.0144551
0.0138608
0.0154566
0.0139929
0.0144334
0.0152265
0.0141927
0.0144315
0.0142947
0.0143741
0.014181
0.0140155
0.0142382
0.0139311
0.0141403
0.0140524
0.0153187
0.0194338
0.019324
0.0174355
0.0149454
0.0150858
0.0149282
0.0149086
0.014859
0.0148662
0.0153515
0.0149527
0.0151085
0.0148384
0.0147649
0.0174297
0.014961
0.014915
0.0146958
0.0153927
0.0145833
0.0146477
0.0147504
0.0142972
0.0142793
0.0140213
0.0142572
0.0136547
0.0138881
0.0136425
0.0137033
0.0139298
0.013178
0.0125369
0.0120371
0.0121015
0.0120107
0.0123159
0.0137396
0.0132939
0.0132813
0.0131618
0.0129984
0.0131434
0.0131959
0.0129906
0.0130691
0.0118483
0.0123081
0.0122841
0.012196
0.0114695
0.0111518
0.0114876
0.0112542
0.0112837
0.0113686
0.0113456
0.0112208
0.0110944
0.0123121
0.0118968
0.0100175
0.00988091
0.0101574
0.010393
0.0103481
0.0103979
0.0103457
0.0116857
0.0121974
0.0122102
0.0100586
0.0119832
0.0123582
0.0117873
0.0103265
0.0121467
0.010244
0.0104979
0.0104135
0.0125034
0.0124505
0.0103771
0.0104537
0.0104103
0.0105179
0.0122759
0.0123396
0.0128302
0.0128931
0.0125732
0.0125748
0.0123357
0.0125421
0.0125473
0.0126757
0.0122211
0.0112321
0.0109677
0.0111917
0.010775
0.0109356
0.0116293
0.0110306
0.0116401
0.0107407
0.0110096
0.0105634
0.0107049
0.0111178
0.0107502
0.0108934
0.0102633
0.0116609
0.0111868
0.0110582
0.0117856
0.0113227
0.0115657
0.0111737
0.0117091
0.0106634
0.0122587
0.0116539
0.0114291
0.0113182
0.0109199
0.0120139
0.01121
0.0121207
0.0112688
0.0112207
0.0117029
0.0111229
0.0118113
0.0111836
0.0112194
0.0123848
0.0112066
0.0111761
0.0110775
0.0112999
0.0112721
0.0110267
0.0111384
0.0111717
0.013038
0.0125823
0.0125601
0.0130712
0.0125986
0.0124727
0.0127263
0.0128596
0.0132979
0.0126895
0.0128413
0.0126688
0.0125677
0.0128824
0.0129855
0.0125686
0.0128545
0.0128817
0.0127242
0.0128245
0.0127223
0.0127374
0.0133383
0.0131681
0.0130268
0.0130575
0.0129852
0.0134386
0.0135987
0.0120969
0.0134705
0.0133999
0.0128448
0.0112465
0.0112674
0.0115489
0.0113718
0.0111044
0.0113491
0.0113177
0.0114086
0.0123052
0.0122532
0.0115158
0.0118028
0.0118744
0.0118224
0.0116426
0.0112387
0.0115126
0.0115289
0.0110891
0.0118994
0.0117003
0.0117516
0.0118782
0.0117756
0.0114913
0.0121944
0.011495
0.0133827
0.0127772
0.0114747
0.0118249
0.0119209
0.0112098
0.0113747
0.011521
0.0123945
0.012235
0.0120371
0.0118048
0.0122739
0.0117645
0.0124856
0.0117192
0.0121488
0.0129905
0.012089
0.0127309
0.0121786
0.0124299
0.0128486
0.0116222
0.0119607
0.012523
0.012173
0.0121094
0.0117979
0.0137138
0.0123468
0.0129651
0.0125942
0.0115358
0.0132497
0.0130834
0.0119052
0.0132728
0.0120974
0.0127783
0.0134242
0.0118433
0.0122256
0.0117037
0.0122877
0.0128412
0.011706
0.0115547
0.0113109
0.0124351
0.0120832
0.0126808
0.0132142
0.0127495
0.0115915
0.0117269
0.0113019
0.0113458
0.0122061
0.0112122
0.0107528
0.0123746
0.011078
0.0112571
0.0110628
0.0118578
0.0116461
0.0115719
0.011481
0.0118003
0.0111421
0.0114879
0.0115977
0.0112144
0.0114373
0.0114845
0.0113314
0.0110188
0.0119426
0.0113679
0.0108087
0.0124074
0.0118529
0.0109071
0.0114812
0.0114405
0.0122825
0.0117034
0.0107831
0.0118612
0.011496
0.0107383
0.0116984
0.0109269
0.0122295
0.0122032
0.0113777
0.0113953
0.0112609
0.0120945
0.011385
0.0114526
0.0101598
0.011516
0.0117321
0.0114581
0.0117854
0.0111209
0.0108623
0.0114372
0.0117264
0.0113605
0.011345
0.0114206
0.0120882
0.0133492
0.0115032
0.0113053
0.0126667
0.0111107
0.0121033
0.0120801
0.0128329
0.0129473
0.0128664
0.0120219
0.0129264
0.0113936
0.0131939
0.0132754
0.0135406
0.0126931
0.0128291
0.0139099
0.013508
0.0133184
0.0136993
0.0134998
0.0134547
0.0136058
0.0138723
0.0135832
0.0136561
0.0139919
0.0140811
0.0142427
0.0144142
0.0140969
0.0128403
0.0124775
0.0128089
0.0129918
0.0130311
0.0150256
0.0134647
0.013445
0.013088
0.0136329
0.0135649
0.0143033
0.0142298
0.0142215
0.0145954
0.0142125
0.0144904
0.0144175
0.0139101
0.0140302
0.01389
0.0141487
0.0180292
0.0182676
0.0188833
