0.00238647
0.00168837
0.00182191
0.00173382
0.00172751
0.00177906
0.00176315
0.00175668
0.00174421
0.00175975
0.00193169
0.00176088
0.00177298
0.00175306
0.00182538
0.00205787
0.00170127
0.00175249
0.00195433
0.00173471
0.00169153
0.0017123
0.00171965
0.00169024
0.0017069
0.00169976
0.00168535
0.00172547
0.00199519
0.00194586
0.0019688
0.00193149
0.0017259
0.00173377
0.00177086
0.00182047
0.00192479
0.00173485
0.00188877
0.00183403
0.00171516
0.00168829
0.00169464
0.00182055
0.00235363
0.00205116
0.00175628
0.00190012
0.00186815
0.00169114
0.00171711
0.00173978
0.00187614
0.00197158
0.00192635
0.00217618
0.00207206
0.00174714
0.00182053
0.00184607
0.0021611
0.00182053
0.00201082
0.00214666
0.00183181
0.00200587
0.00198063
0.00190219
0.00198854
0.00173478
0.0020655
0.00203245
0.00173944
0.00178458
0.00200169
0.00175341
0.00178847
0.00195311
0.00191155
0.00182635
0.00190695
0.00189831
0.00171345
0.00177055
0.00180859
0.00173135
0.00170075
0.00195447
0.0018098
0.00177282
0.00172812
0.00171878
0.00172408
0.00168524
0.00169041
0.00199414
0.00172504
0.00180043
0.00168929
0.00176714
0.00175919
0.00184033
0.00174067
0.00180701
0.00168739
0.00186691
0.00184199
0.00182317
0.00169263
0.00170532
0.00183409
0.00171828
0.00168514
0.00184274
0.00182271
0.00185264
0.00184341
0.00170296
0.00179703
0.00177224
0.00169611
0.00177458
0.00181188
0.00197458
0.00176057
0.00169483
0.00175994
0.00184041
0.00170976
0.00184132
0.00178289
0.00175286
0.00169346
0.00178716
0.00171153
0.00181843
0.00176989
0.00174324
0.00178042
0.00172555
0.00184127
0.00179902
0.0019756
0.00195191
0.00168896
0.00181498
0.00177132
0.00173402
0.001729
0.00180095
0.00170161
0.0018014
0.00169627
0.00171107
0.00183092
0.0017299
0.00176491
0.00175087
0.00174993
0.0018642
0.00172364
0.00203345
0.00189805
0.0018436
0.0018509
0.00174288
0.00177604
0.00177973
0.00191995
0.00181412
0.00180587
0.00174258
0.00185275
0.00172323
0.00181095
0.0017376
0.00175799
0.00201703
0.00176412
0.00177283
0.00225857
0.00182114
0.00176361
0.00174141
0.00171716
0.00180881
0.00172697
0.00177968
0.00180485
0.00177656
0.00184543
0.00183376
0.00179659
0.00185981
0.00175976
0.00184384
0.00177787
0.00176282
0.00192056
0.00183508
0.00206318
0.00184972
0.00180302
0.00193091
0.00194067
0.00181146
0.00180698
0.00185012
0.0018324
0.00186171
0.0017348
0.001739
0.00187615
0.00182002
0.00179397
0.00173391
0.00173193
0.00173301
0.00183095
0.00176775
0.00172471
0.00173795
0.00190207
0.00169348
0.00170119
0.00176986
0.00168737
0.00172917
0.00173
0.00170499
0.00183738
0.00168737
0.00182496
0.0017647
0.0016934
0.00171298
0.00167807
0.00170036
0.00171684
0.00167906
0.00175874
0.00171721
0.00167782
0.00171824
0.00171278
0.00166493
0.00167533
0.00171654
0.00178528
0.00166581
0.00175979
0.00167334
0.00186205
0.00192731
0.00165447
0.00163371
0.00165725
0.00167546
0.00164106
0.00219136
0.00163855
0.00162227
0.00181733
0.00167465
0.00178218
0.00166633
0.00170373
0.00164225
0.00164042
0.00158524
0.00170657
0.00157438
0.00158224
0.00156706
0.00158583
0.00188681
0.0015938
0.00203532
0.00162156
0.00159873
0.00159944
0.00160381
0.00158262
0.00159963
0.00164236
0.00165078
0.00162533
0.00160549
0.00159277
0.00161482
0.00159489
0.00165756
0.00165507
0.00163699
0.00177619
0.00170985
0.00166765
0.00187848
0.00162128
0.00162487
0.00169418
0.00167723
0.0017446
0.00163332
0.00163306
0.00162386
0.00162288
0.00193347
0.0016243
0.00197381
0.0017445
0.00167399
0.00163003
0.00165281
0.00168632
0.00171499
0.00165745
0.00171223
0.00173001
0.00170404
0.00175534
0.00167962
0.00170627
0.00179482
0.00171467
0.00177071
0.00182727
0.00171029
0.00167631
0.00178239
0.00174381
0.00180815
0.00169138
0.0017158
0.00178218
0.00175671
0.0016928
0.00174035
0.00170338
0.00170893
0.00169461
0.0016987
0.00177315
0.00209697
0.00177407
0.00171247
0.0017453
0.00186518
0.00173051
0.00178923
0.00175388
0.00170423
0.00181978
0.00174873
0.00170579
0.00170708
0.00176454
0.0018586
0.00186104
0.001732
0.00184908
0.00172711
0.00184613
0.00173938
0.00172565
0.00178629
0.00197476
0.00179565
0.00175277
0.0017662
0.00172809
0.00191538
0.00173701
0.00187473
0.0017367
0.00176389
0.00181785
0.00170401
0.00170543
0.00177852
0.00184305
0.00174535
0.00170235
0.00173964
0.00188571
0.00173996
0.00174184
0.00182638
0.0017875
0.00181452
0.00173499
0.00170951
0.00188061
0.00170017
0.00168436
0.00171752
0.00172443
0.00171435
0.00169017
0.00169571
0.00168111
0.00167798
0.00169688
0.00175074
0.00168561
0.00169434
0.00170153
0.00174395
0.00170372
0.00167049
0.00168621
0.00173659
0.00181651
0.00173769
0.00171263
0.00170445
0.00169354
0.00169342
0.00170649
0.00165797
0.00168076
0.00178411
0.00165914
0.00172063
0.0016628
0.00176252
0.00168282
0.00168746
0.00168083
0.00164388
0.00173752
0.00168046
0.00167397
0.00167662
0.00167572
0.00165698
0.00165384
0.00164704
0.00167225
0.00170806
0.00171608
0.00170674
0.0016275
0.00173584
0.00175718
0.00165916
0.00164684
0.00166218
0.00165368
0.00173829
0.0016174
0.00173522
0.0016259
0.00168008
0.00176962
0.0016256
0.0016506
0.001694
0.00174355
0.00174531
0.00162925
0.0016672
0.00173015
0.00172592
0.00166017
0.0017895
0.0016703
0.00176694
0.00173912
0.00171612
0.00161559
0.00166382
0.00167243
0.00167819
0.00166562
0.00175698
0.0016885
0.00169698
0.00185583
0.00164754
0.00170396
0.0016239
0.0016171
0.00163714
0.00195897
0.00183869
0.00183482
0.00170238
0.00176559
0.00170046
0.00169566
0.00176125
0.00171693
0.00162995
0.0016301
0.00169682
0.00169999
0.00169512
0.0016304
0.00163158
0.00179788
0.00179695
0.00176526
0.0016754
0.0020261
0.00187966
0.00197242
0.00164444
0.00173384
0.00162186
0.00168794
0.00167244
0.00162518
0.00169558
0.00182723
0.00196981
0.0019464
0.00185053
0.00165445
0.00165131
0.00174229
0.00171959
0.00171236
0.00293827
0.00175741
0.00171979
0.00176785
0.0017143
0.00184421
0.00175271
0.00178766
0.00170553
0.00177792
0.00169968
0.00242148
0.00175035
0.00172665
0.0016749
0.00184653
0.00170399
0.00168916
0.00172341
0.00170733
0.00173574
0.00169957
0.00213957
0.00170946
0.0017043
0.00169325
0.0016995
0.00174813
0.00170499
0.00174306
0.00171039
0.00182192
0.00181719
0.00186023
0.00187567
0.00185485
0.00176732
0.00173301
0.00179663
0.00179498
0.00174483
0.00173084
0.00173543
0.00221564
0.00211047
0.00176909
0.0017838
0.00213246
0.00176346
0.00201688
0.00174351
0.00172913
0.0017602
0.00171877
0.0016809
0.00179295
0.00173758
0.00172877
0.00174715
0.00176001
0.00168221
0.00166073
0.00167971
0.00272056
0.00168859
0.00172689
0.00178845
0.00168509
0.00169708
0.00272611
0.00174693
0.00173764
0.00170683
0.00176096
0.00217667
0.00185352
0.00264359
0.00170585
0.00170834
0.0016957
0.00181237
0.00170378
0.00180232
0.0018498
0.00168075
0.00174325
0.0017311
