0.00418533
0.0031459
0.0041663
0.00326797
0.00308466
0.00428702
0.00289155
0.00363681
0.00324043
0.00344162
0.00357305
0.00377279
0.00340132
0.00345476
0.00339052
0.00312777
0.00349163
0.00340589
0.00322488
0.00360165
0.00318488
0.00480569
0.00375526
0.00322836
0.00325836
0.00328416
0.00303159
0.00312236
0.00330983
0.00307686
0.00360976
0.00346363
0.00308815
0.00301438
0.00328782
0.00375147
0.00359386
0.0034893
0.00445302
0.00305618
0.00360505
0.00309342
0.00297386
0.00279719
0.00296364
0.00280852
0.00272831
0.00271293
0.00296021
0.00278959
0.00279828
0.00346059
0.00321866
0.00312429
0.00316081
0.00321241
0.00348845
0.0035422
0.00335197
0.00257903
0.00258275
0.00240378
0.00342895
0.00346378
0.00312799
0.00242157
0.0023826
0.00264301
0.0026878
0.00254309
0.00212975
0.00301199
0.00326968
0.00312151
0.00383975
0.00428174
0.00378555
0.0031698
0.00313902
0.00354822
0.00333709
0.00421131
0.00338878
0.00325131
0.00313246
0.00292591
0.00317669
0.00297519
0.00316105
0.00317677
0.00323924
0.00290501
0.0028536
0.00300653
0.00277029
0.00291101
0.00316397
0.00323683
0.00396586
0.0029285
0.00294168
0.00415774
0.00284077
0.00264956
0.00273217
0.00293073
0.00289845
0.00282635
0.00308102
0.00320277
0.00289559
0.00279359
0.00253654
0.00307578
0.00259332
0.00258964
0.00256479
0.0026972
0.0029713
0.00311492
0.00319755
0.00272551
0.00260931
0.00278322
0.00299706
0.00268389
0.00293172
0.00307929
0.00271059
0.00289959
0.00308638
0.00344924
0.00278011
0.002853
0.00348337
0.00301595
0.00397074
0.00392221
0.00391686
0.00401642
0.00421298
0.00305762
0.00264451
0.00313572
0.00401737
0.00284079
0.00314445
0.00338042
0.00341119
0.00326394
0.00370692
0.00269669
0.0028359
0.00270986
0.0024254
0.00249982
0.003357
0.00262542
0.00223994
0.00250616
0.00265128
0.00225502
0.00256658
0.00347921
0.00315204
0.00277206
0.00274936
0.00302282
0.00269336
0.00418253
0.00277872
0.00329717
0.00371051
0.00422725
0.0049196
0.00335445
0.00340484
0.00322826
0.00274016
0.00300217
0.00283678
0.00261585
0.00282789
0.00274898
0.00265442
0.00287453
0.00271504
0.00270607
0.00251171
0.00252644
0.00253373
0.00274363
0.00253671
0.00307337
0.00251255
0.00231605
0.0028188
0.00266969
0.0021611
0.00253003
0.00251847
0.00236031
0.00199469
0.00216922
0.00212272
0.00192633
0.00208567
0.00221325
0.00229335
0.00219071
0.00217502
0.00210948
0.00220043
0.0019684
0.00209169
0.00219261
0.00191595
0.00211405
0.00244177
0.00189696
0.00189579
0.00180125
0.00197302
0.00234011
0.00181436
0.00180488
0.00168303
0.00160686
0.00149734
0.00143265
0.00176705
0.00130609
0.00148601
0.00139114
0.00140167
0.00136469
0.00140996
0.0014476
0.00134805
0.00147996
0.0016112
0.00115694
0.00108623
0.00116306
0.00107792
0.00111956
0.00091408
0.000994838
0.00120447
0.00129134
0.000986733
0.00101093
0.00103806
0.00104601
0.00120844
0.000938539
0.00100308
0.00128516
0.00117994
0.00116582
0.0011945
0.00122165
0.00144183
0.0014481
0.0019568
0.00172355
0.00159881
0.00134761
0.00126983
0.00122352
0.00138382
0.00122516
0.00123641
0.00132994
0.00139965
0.001368
0.00143304
0.00142152
0.00137891
0.00140023
0.00124077
0.00129506
0.00125734
0.00136803
0.00131341
0.00135415
0.00126252
0.00150954
0.00141773
0.00139665
0.00131062
0.00124717
0.00134632
0.0012648
0.00130476
0.00121394
0.00151452
0.00123095
0.00140058
0.00144001
0.00134926
0.00147887
0.00132926
0.00145081
0.00125405
0.00218053
0.00146439
0.00140077
0.00153541
0.00148263
0.00147769
0.00174344
0.00198037
0.00137812
0.00176438
0.00139789
0.00154295
0.00249508
0.00206323
0.00156508
0.00130804
0.00143619
0.00147919
0.00135613
0.00149532
0.00203127
0.00158186
0.00190281
0.00166648
0.0015743
0.00160872
0.0017817
0.00169607
0.00186544
0.00193941
0.00148221
0.00166049
0.0021462
0.00203526
0.00194843
0.00195592
0.00225513
0.00206263
0.00265429
0.0022487
0.00201926
0.00217768
0.00214066
0.00222611
0.00242658
0.00243652
0.00349738
0.00251337
0.00258878
0.00368578
0.00276297
0.00272259
0.00241468
0.00323294
0.00322645
0.00382184
0.00302485
0.00317842
0.0032274
0.00317691
0.00353299
0.00297356
0.00369359
0.0033613
0.00359202
0.00485776
0.00418199
0.00494963
0.00534993
0.00393988
0.00336677
0.00399406
0.00332474
0.00380048
0.00380865
0.00328297
0.00404176
0.00303471
0.00426417
0.00425729
0.00421466
0.00355775
0.00419124
0.00381081
0.00409258
0.00378865
0.00326387
0.00381219
0.00389548
0.00398457
0.00346506
0.00385923
0.00359207
0.00355736
0.00350434
0.00360648
0.00374112
0.00355792
0.00335852
0.00410229
0.00330777
0.00331913
0.00480674
0.00315372
0.00343289
0.00384954
0.00362283
0.00344447
0.00345343
0.00318768
0.00385751
0.00368517
0.003395
0.00298524
0.0034544
0.00355062
0.00588957
0.00473689
0.00327677
0.00342786
0.00348236
0.00375419
0.00405347
0.00315783
0.00348086
0.00366794
0.00377527
0.00470699
0.00361573
0.00371763
0.00343102
0.00365378
0.00333462
0.00361619
0.00320876
0.00359958
0.00419431
0.00333772
0.00316203
0.00359677
0.0032469
0.00411272
0.00506513
0.00445831
0.00451347
0.00389541
0.00345042
0.00376484
0.00356147
0.00346987
0.00324348
0.00325487
0.00327378
0.00313473
0.0034068
0.00338281
0.00444271
0.00521796
0.00358627
0.00334286
0.00369037
0.00425893
0.00364312
0.00416065
0.00391013
0.0039102
0.00380511
0.00365796
0.0037747
0.00383477
0.00439861
0.00476517
0.00630455
0.00361662
0.00388761
0.00384987
0.00375004
0.00398646
0.00391366
0.00379912
0.00351811
0.00375562
0.004028
0.00563729
0.00359702
0.00445775
0.00393836
0.00362766
0.00345884
0.00395649
0.00393246
0.00438975
0.00358904
0.00377351
0.00349922
0.00321452
0.00417125
0.00451163
0.00450531
0.00353681
0.0040594
0.0040058
0.0039988
0.00424096
0.0043891
0.00442774
0.00412962
0.00523032
0.00531566
0.00484652
0.004203
0.00468461
0.0042224
0.00435024
0.00464232
0.00499444
0.00577645
0.00510889
0.00508938
0.00504942
0.005693
0.00647883
0.0049249
0.00574071
0.00627783
0.00668136
0.00593039
0.00545795
0.00580151
0.00521323
0.00595765
0.00574387
0.00669841
0.00563257
0.0059833
0.00564074
0.00608273
0.00569585
0.00627361
0.00562643
0.00614372
0.0084074
0.00676348
0.00651832
0.00766529
0.00626806
0.00634825
0.00652852
0.00594922
0.0067777
0.00626225
0.00638123
0.00595497
0.00605421
0.00588451
0.00602723
0.00606324
0.00569201
0.00731356
0.00561225
0.0049993
0.00683245
0.00502371
0.00543154
0.00696252
0.00603637
0.00609758
0.00710235
0.00609297
0.00558835
0.00599964
0.00565307
0.00555924
0.00723243
0.00734313
0.00787252
0.00599929
0.00605123
0.00513375
0.00724523
0.00483455
0.00478295
0.00572655
0.00686182
0.00452118
0.00460952
0.00630055
0.00536388
0.00470092
0.00433017
0.00474446
0.00520129
0.00604366
0.00477579
0.00673233
0.00844629
0.00701033
0.00778303
0.00699648
0.00809506
0.00459583
0.00575469
0.00499084
0.00750498
0.0051291
0.00503898
0.00582873
0.00711487
0.00521641
0.00476101
0.00531552
0.00481841
0.00497193
0.0053895
0.00532022
0.00522099
0.00533234
0.00769784
0.00595285
0.00579819
0.00623779
0.00625771
0.00640019
0.00519961
0.00592563
0.00568631
0.00611146
0.00527329
0.00534439
0.00561884
0.00538341
0.0067335
0.00558669
0.00546734
0.00520458
0.00543014
0.00622979
0.00618115
0.00555453
0.0097176
0.00605241
0.00800752
0.00605608
0.00664216
0.00598491
0.00599719
0.00488988
0.0052847
0.00533174
0.00547737
0.00564883
0.00718305
0.00560216
0.00567068
0.00713671
0.00549581
0.00525313
0.00697402
0.00541208
0.00524912
0.00494368
0.00551639
0.00541771
0.00506126
0.00481635
0.00528924
0.00541236
0.00476676
0.0042412
0.00433423
0.00416907
0.00557493
0.00682263
0.0043311
0.00394768
0.00390774
0.00358819
0.00403967
0.00503995
0.00436548
0.00397821
0.00388133
0.00414636
0.00331466
0.00362707
0.00320633
0.00310826
0.00359002
0.00278925
0.0026223
0.00274042
0.00223076
0.0023583
0.00213025
0.00212254
0.00223546
0.00208208
0.00212062
0.00195685
0.00189304
0.00202711
0.00225425
0.00225244
0.00245732
0.00189463
0.00176393
0.00162856
0.00170514
0.00178405
0.00170749
0.00181743
0.00187115
0.00190773
0.00151334
0.00150259
0.00149364
0.00135334
0.0012575
0.00145496
0.00164832
0.00124729
0.00156781
0.00138718
0.00133208
0.00132529
0.00142298
0.00133644
0.00136154
0.00169134
0.00199535
0.00214239
0.00192149
0.00180742
0.00207178
0.00189771
0.00175852
0.00229223
0.0021506
0.00221637
0.00286752
0.00255914
0.00291497
0.00281232
0.00284556
0.00332187
0.00323143
0.00411342
0.00309179
0.00323063
0.00267137
0.00258466
0.00275303
0.00389291
0.00473227
0.00321804
0.00293041
0.00341317
0.00266474
0.00260573
0.00267656
0.00260894
0.00311591
0.00243063
0.00284202
0.00251411
0.00260965
0.00254399
0.00268354
0.00256442
0.00277604
0.00252827
0.0028026
0.0028625
0.00291082
0.00285322
0.00306989
0.00287124
0.00264431
0.00295571
0.00277057
0.0033706
0.00279582
0.00245915
0.00307161
0.00294508
0.00276053
0.00262109
0.00282348
0.00298622
0.00286397
0.00390329
0.00316722
0.00297877
0.00276967
0.00284203
0.00311904
0.00270343
0.0026526
0.00349662
0.00453701
0.00287252
0.00283421
0.00302091
0.00298356
0.00347249
0.00330403
0.00363476
0.00287865
0.00293698
0.00311677
0.0031854
0.00369537
0.00336748
0.00385287
0.0037169
0.00346075
0.00344714
0.00378883
0.00544683
0.00377964
0.00404145
0.00377172
0.00373041
0.00596328
0.00390245
0.00387622
0.0038884
0.00456933
0.00552003
0.00381982
0.00397586
0.00444044
0.0041476
0.00432446
0.00395808
0.00463748
0.00423609
0.00404471
0.00386424
0.00345414
0.0042821
0.00441535
0.00391154
0.00346051
0.00411484
0.00385964
0.00395337
0.00371471
0.00462267
0.00406754
0.00485232
0.00340611
0.00360777
0.00345387
0.00395544
0.00398442
0.00398584
0.00372017
0.00442543
0.00376778
0.0038492
0.00370961
0.00389333
0.00660283
0.0041619
0.00406122
0.00524828
0.00414786
0.00484362
0.00462717
0.00487075
0.00477459
0.00490595
0.00427401
0.00508341
0.00520236
0.00440741
0.00443176
0.0043501
0.00427912
0.00518087
0.00445998
0.00482003
0.00433304
0.00511091
0.00511494
0.00440361
0.00459982
0.00414997
0.00405214
0.0043023
0.00521064
0.00460733
0.00408086
0.00403375
0.00386588
0.00434554
0.0036854
0.00417987
0.00396592
0.00330183
0.003306
0.00319115
0.00329119
0.00325422
0.00292714
0.00306817
0.0028415
0.00282523
0.00290291
0.00265997
0.00283972
0.00278644
0.00269848
0.00272877
0.00289756
0.00278858
0.00296065
0.00275234
0.00278878
0.00288132
0.00294554
0.00283436
0.00317739
0.00299755
0.00305807
0.00306932
0.00327154
0.00356767
0.00361601
0.00387404
0.0037343
0.00373462
0.00410481
0.00348817
0.00340506
0.00361035
0.00342143
0.00373109
0.00312523
0.00351887
0.00315595
0.00393039
0.00366015
0.00438871
0.00340933
0.0031898
0.00315861
0.00327205
0.00315875
0.00322357
0.00492991
0.00409324
0.00425984
0.00355361
0.00341475
0.00331175
0.00361946
0.00325087
0.00326835
0.00339316
0.00351479
0.00446746
0.00366493
0.00375099
0.0039824
0.00342415
0.00310619
0.00340656
0.00350233
0.00401738
0.00316622
0.00355077
0.00430429
0.00389044
0.00348674
0.00393928
0.00334654
0.00363769
0.00379689
0.00429869
0.00320664
0.00360345
0.00351701
0.00459778
0.0049136
0.00441046
0.00387723
0.0039045
0.00370648
0.00411306
0.0040751
0.00405698
0.00367309
0.00387416
0.00418076
0.00481049
0.00552322
0.00427393
0.00378487
0.00579054
0.00401921
0.00376141
0.00381636
0.00490704
0.00473038
0.00475094
0.00334212
0.00468539
0.0036891
0.00379357
0.00379116
0.00480956
0.0038464
0.00330701
0.00308716
0.00481131
0.002961
0.00297983
0.00288217
0.00320641
0.00373117
0.00397892
0.00291301
0.00283675
0.00321843
0.00258186
0.0028078
0.00288497
0.00267403
0.00275761
0.00262561
0.00260847
0.00307352
0.0031131
0.00439149
0.00269859
0.00280089
0.00287869
0.00268078
0.00272814
0.00274666
0.00287854
0.00279646
0.00266691
0.00281569
0.00266899
0.00253885
0.00263435
0.00257469
0.0029194
0.00262488
0.0026961
0.00340412
0.00295228
0.00284518
0.00293312
0.0030609
0.00317797
0.00281868
0.0039191
0.00360698
0.00377438
0.00363648
0.00337508
0.00322726
0.00308908
0.0034255
0.00283544
0.00275385
0.00330572
0.00307601
0.00312222
0.0027065
0.00274856
0.00288297
0.00276591
0.00289994
0.00363111
0.00286742
0.00298487
0.00301033
0.00324527
0.00287179
0.00315545
0.00306319
0.00309935
0.00311261
0.00310887
0.00310634
0.00308361
0.00318491
0.00337823
0.00296766
0.00319759
0.00336956
0.00304804
0.00300926
0.00312885
0.00295155
0.00353931
0.00281519
0.00275842
0.00270175
0.00266454
0.0025591
0.00269059
0.00256998
0.00314706
0.00238387
0.00224864
0.00226119
0.00221727
0.00238917
0.00211066
0.0027036
0.00252487
0.00186073
0.00202298
0.0022943
0.00206772
0.00199168
0.00181527
0.00176119
0.00158691
0.00238949
0.00162386
0.0015627
0.00176643
0.00160212
0.00147577
0.00150869
0.0016677
0.00147489
0.00153499
0.00146412
0.00152418
0.00142682
0.00169674
0.00143404
0.0014103
0.00141246
0.00139411
0.00166121
0.00140383
0.00141142
0.00140891
0.00151408
0.00175844
0.00180566
0.00153623
0.00152387
0.00148417
0.00153235
0.00177027
0.00189526
0.0015235
0.00160802
0.00160044
0.00159811
0.00165091
0.00140945
0.00224379
0.00212649
0.00175461
0.00194056
0.00140689
0.00146166
0.00148795
0.00129595
0.00161376
0.00182516
0.00164558
0.00185959
0.0015451
0.00189523
0.00197535
0.00193042
0.00233386
0.00211651
0.00172321
0.00218398
0.00190534
0.00201163
0.00203863
0.00208318
0.0018886
0.00237053
0.00222886
0.00227362
0.00227655
0.00253915
0.002481
0.00239208
0.00259639
0.00244233
0.00263411
0.00305521
0.00290846
0.00304183
0.00270811
0.00329992
0.00341254
0.003007
0.00364692
0.00368863
0.00289711
0.00369515
0.00349694
0.00357166
0.00351599
0.00373493
0.00336244
0.0033677
0.00329828
0.00346063
0.00362833
0.00343479
0.00334373
0.00313717
0.00319492
0.0032563
0.00360315
0.00315641
0.00343084
0.00312634
0.00343256
0.00310593
0.00280106
0.00304376
0.00314222
0.00320787
0.00262204
0.00320552
0.00288751
0.00343901
0.00313137
0.00292001
0.00312572
0.00290106
0.0029317
0.00271148
0.002953
0.00291129
0.00294476
0.00303964
0.00302532
0.00388656
0.00323471
0.00331335
0.00294151
0.00348467
0.00300479
0.00488914
0.0028762
0.00350415
0.00342392
0.00318439
0.00343336
0.00331313
0.00354848
0.00333431
0.00359862
0.00338116
0.00294498
0.00319096
0.00307691
0.00301665
0.00351198
0.00414118
0.00387838
0.00322022
0.00318432
0.00311637
0.00286108
0.00265338
0.00251427
0.00280599
0.00283652
0.00280082
0.00252535
0.00287195
0.00287405
0.00296413
0.00269338
0.00268945
0.0028913
0.00254795
0.00237998
0.00248629
0.0024383
0.00242029
0.00257282
0.00256434
0.00253183
0.00256411
0.00255091
0.00247779
0.002854
0.0026995
0.00257184
0.00341537
0.00306116
0.00244328
0.0025897
0.00241408
0.00241716
0.00238111
0.00240345
0.00294308
0.00270961
0.00243104
0.00222923
0.00291395
0.00285648
0.00253504
0.00231741
0.00352493
0.00258709
0.00255954
0.00317488
0.00264707
0.00291644
0.00270413
0.00277665
0.00273619
0.00303083
0.00330207
0.00315769
0.00283643
0.00295322
0.00286577
0.00296869
0.00307927
0.0029762
0.00310397
0.00302641
0.00363433
0.00346701
0.00340045
0.00364262
0.00334585
0.00361026
0.00384875
0.00476679
0.0032823
0.00353598
0.00360432
0.00388056
0.00415476
0.00394439
0.0036092
0.00362003
0.00506811
0.00400265
0.0040568
0.00397289
0.00325203
0.00373141
0.00497463
0.00412963
0.00435779
0.00456946
0.0047504
0.0041533
0.00469
0.00523396
0.00651194
0.00392124
0.00381767
0.00352338
0.00370752
0.00323216
0.00354435
0.0052966
0.00337609
0.00347498
0.0032874
0.00392672
0.00403552
0.00450985
0.00497011
0.00413074
0.00391948
0.00363074
0.00353524
0.00347289
0.00392425
0.00547651
0.00379218
0.00352624
0.00390656
0.00375312
0.00461653
0.00379396
0.00468381
0.00407928
0.00376253
0.00503499
0.00393289
0.00489585
0.00463056
0.00412199
0.00672149
0.00442554
0.0052087
0.00479253
0.006671
0.00454239
0.00477963
0.00516
0.00623382
0.00638823
0.00627752
0.00619028
0.00618575
0.00668689
0.00641383
0.00570834
0.00499288
0.0045098
0.00446238
0.00450264
0.00440852
0.00480712
0.00472096
0.00410583
0.00378576
0.00359877
0.0036407
0.00369661
0.00353051
0.00359507
0.00355254
0.00370911
0.0035918
0.00342153
0.00408842
0.00388269
0.00396086
0.00506678
0.00397556
0.00473417
0.00414484
0.00430254
0.00340283
0.0035086
0.00339329
0.00352438
0.00469109
0.00398138
0.0037785
0.00379282
0.00353404
0.00377838
0.00503993
0.00423205
0.00399734
0.00405098
0.0051294
0.00478676
0.00441824
0.00468821
0.0047343
0.00392135
0.00396004
0.00418527
0.00439834
0.00412303
0.00396677
0.00441034
0.00430495
0.0041046
0.00477057
0.00428564
0.0041144
0.00487524
0.00474691
0.00446154
0.00447301
0.00443317
0.0039684
0.00430468
0.00464818
0.00416771
0.00414928
0.00399135
0.00472403
0.00327433
0.00371642
0.00377334
0.00410736
0.00393737
0.00467408
0.00353189
0.0037096
0.003874
0.00414605
0.00530594
0.00351041
0.00379786
0.0037788
0.00363804
0.00387386
0.00481552
0.00401729
0.00377839
0.00409425
0.00403892
0.00417042
0.00426867
0.00421004
0.00382696
0.00383551
0.00443022
0.00396089
0.00359071
0.00393163
0.00372464
0.00460657
0.00361679
0.00478376
0.00543226
0.00517233
0.0051211
0.00339469
0.0035636
0.00332745
0.00374654
0.00359377
0.00379969
0.00337134
0.00343703
0.00366952
0.00435625
0.00586952
0.00350405
0.00369106
0.00426247
0.00317391
0.00423617
0.00586119
0.00329256
0.0031741
0.00324754
0.00338174
0.00343564
0.00526946
0.00358789
0.00312735
0.00320068
0.00346051
0.00318501
0.00336525
0.00320839
0.00333759
0.00441929
0.0039288
0.00332562
0.00344731
0.00315284
0.00339278
0.00389834
0.00328443
0.00385963
0.00357829
0.00317187
0.00337292
0.00305926
0.00319686
0.00350811
0.00376839
0.00438303
0.00335327
0.0035528
0.00356451
0.00328337
0.00332178
0.00340534
0.00391853
0.00401533
0.00396588
0.00362612
0.00346315
0.00348903
0.00361108
0.00376391
0.00365354
0.00374896
0.00437711
0.00450762
0.00469209
0.00419276
0.00419533
0.00376769
0.00404138
0.00379491
0.00388835
0.00353286
0.00342661
0.00392353
0.00347916
0.00381013
0.00443199
0.00384651
0.00392181
0.00460234
0.00522422
0.00378611
0.00413343
0.00326029
0.00346197
0.00324189
0.00356922
0.00332033
0.00301009
0.00330974
0.00286604
0.00356557
0.00347998
0.00328444
0.00310266
0.00315881
0.00307371
0.00262355
0.00271569
0.00255065
0.00276462
0.00258765
0.00292751
0.00285944
0.00290836
0.00289842
0.00304966
0.00252577
0.00264709
0.00252494
0.0030972
0.00314299
0.00302554
0.00350822
0.00277347
0.00283673
0.00329112
0.00317758
0.00318872
0.002894
0.00306154
0.00350918
0.00362959
0.00289585
0.00296007
0.00306159
0.00321983
0.0031723
0.00290127
0.00374815
0.00286954
0.00293327
0.00322011
0.00294544
0.00261622
0.00272805
0.0028016
0.00243531
0.0023848
0.00307746
0.00296885
0.00261083
0.00297957
0.00294386
0.00336231
0.00301154
0.00325604
0.00300452
0.00282342
0.00298169
0.00318367
0.00277341
0.00319636
0.00311162
0.00323241
0.0032807
0.00307671
0.00289743
0.00264307
0.00262598
0.00301372
0.00276519
0.00253844
0.00285248
0.00254766
0.00314909
0.00269208
0.00279144
0.0029779
0.00294214
0.0041128
0.00317144
0.00321888
0.00293594
0.00263287
0.00258742
0.00244852
0.00335238
0.00322244
0.00291904
0.00285592
0.00261222
0.00291016
0.00283092
0.00305517
0.00290339
0.00230979
0.00285541
0.00328812
0.00244549
0.0026588
0.00247599
0.00248073
0.00275615
0.00377196
0.00475835
0.00378722
0.00657918
0.00395038
0.00275246
0.0026855
0.00375566
0.00307467
0.00306057
0.00288003
0.00267289
0.00313195
0.00294953
0.00269612
0.00243415
0.00276056
0.00261805
0.00273619
0.00270004
0.00266721
0.00242182
0.00308641
0.0029174
0.00255987
0.00244504
0.00315179
0.00293525
0.00286205
0.00263619
0.00296813
0.00262825
0.00285768
0.00252184
0.00356537
0.00321397
0.00318744
0.00257638
0.00250384
0.00261547
0.00300833
0.00278929
0.00298711
0.00364855
0.00249272
0.00260697
0.00246195
0.00273292
0.00248667
0.00403441
0.00289801
0.00291848
0.00270303
0.00255513
0.00245268
0.00252527
0.00236627
0.00256993
0.00282567
0.00267169
0.00308001
0.00247115
0.00263967
0.00316959
0.00279097
0.00276754
0.00265001
0.00382587
0.00314599
0.00305732
0.00226985
0.00211395
0.00229234
0.00218013
0.00212596
0.00245162
0.00254237
0.00227494
0.00393723
0.0026307
0.00234894
0.00191881
0.00195164
0.00245937
0.00224351
0.00236194
0.00216299
0.00232687
0.00229412
0.00325701
0.0026428
0.00219422
0.0020333
0.00282405
0.00226496
0.00227784
0.00232164
0.00220352
0.00281995
0.00282698
0.00229346
0.00208178
0.00215012
0.00236974
0.00226663
0.00285287
0.00224808
0.00221109
0.00215067
0.00237419
0.00213497
0.00209757
0.00219758
0.00212721
0.00305271
0.00216048
0.00221194
0.00201283
0.00200125
0.00219471
0.00241929
0.00198782
0.00199915
0.00212439
0.00220355
0.00194606
0.00206982
0.00252192
0.00246792
0.00296214
0.00297986
0.00303052
0.00309006
0.00298425
0.00239639
0.00212951
0.00219825
0.00219377
0.00210386
0.00220874
0.00226281
0.00224058
0.00216081
0.00201965
0.0021449
0.00204943
0.00223512
0.00232
0.00249736
0.00300913
0.00211427
0.00205064
0.00213144
0.00212014
0.00201659
0.0020656
0.00270534
0.00246518
0.00215894
0.00217502
0.00205254
0.00214627
0.00227954
0.00207366
0.00199368
0.00223153
0.00216316
0.00214334
0.00319561
0.00222895
0.00269687
0.00230868
0.00217118
0.00223309
0.00219802
0.00225543
0.00223524
0.00287098
0.00213756
0.00205634
0.00219576
0.00223133
0.00196259
0.00234249
0.00220157
0.00236429
0.00273512
0.00233775
0.00275701
0.00241658
0.00213916
0.00281359
0.00251255
0.0026492
0.00238555
0.00210339
0.00214657
0.00221744
0.00219202
0.00235702
0.00226412
0.00278184
0.00229398
0.00222248
0.00230713
0.00213328
0.00229636
0.00233846
0.00249341
0.00252876
0.00248226
0.00233165
0.00264846
0.00238264
0.002377
0.00238339
0.00212221
0.00233437
0.00229813
0.00230485
0.00268498
0.00251103
0.00255598
0.00254869
0.00273432
0.00241819
0.00251355
0.00226863
0.00274361
0.00229356
0.00235066
0.0030642
0.00228931
0.00234722
0.00235277
0.00237777
0.00235197
0.0022504
0.00233814
0.00226488
0.00220809
0.00291485
0.00224218
0.00226207
0.00287111
0.0022178
0.00225308
0.00232271
0.00213829
0.002496
0.0022562
0.002196
0.00224402
0.00225701
0.00229967
0.00235691
0.0022739
0.00218654
0.00241233
0.00224869
0.00264746
0.00296994
0.00265794
0.0026801
0.00252039
0.00267018
0.00229497
0.00227138
0.0028228
0.00229943
0.00249327
0.0022354
0.00232375
0.00309473
0.00287715
0.00229479
0.00251535
0.00228291
0.00230181
0.00228545
0.00230937
0.00239768
0.00236616
0.00245026
0.00234275
0.002387
0.00236286
0.00263517
0.0035315
0.0038353
0.00366976
0.00250307
0.00255999
0.00261962
0.00242225
0.00270133
0.00255358
0.00258862
0.00263395
0.00242302
0.00254751
0.00255101
0.00268652
0.00271816
0.00255212
0.00263074
0.0025538
0.00297338
0.0025444
0.00254806
0.00267842
0.00264333
0.00268544
0.00269502
0.00263903
0.00271398
0.00260734
0.00301111
0.00281916
0.00250094
0.0026238
0.00231173
0.00253349
0.00296548
0.00300161
0.0025041
0.00257886
0.00253182
0.0025596
0.00246214
0.00260469
0.00268114
0.00269632
0.0025366
0.00280132
0.00280087
0.00266282
0.00254046
0.00248691
0.00251452
0.00282038
0.00259552
0.00273082
0.00298207
0.00300453
0.00249186
0.00253251
0.0026939
0.00253402
0.00261881
0.00282205
0.00290198
0.00308713
0.00280121
0.00289931
0.00291687
0.0026929
0.00295225
0.0031248
0.00280787
0.00334685
0.00259225
0.0028856
0.00281414
0.00285288
0.00324326
0.00261597
0.00289777
0.00359072
0.00258591
0.00259663
0.00270532
0.00279293
0.00282316
0.00245085
0.00393035
0.00412312
0.00372663
0.00425064
0.00308151
0.00328606
0.00298709
0.00259738
0.00425469
0.00432746
0.0046062
0.00471227
0.00331874
0.00308945
0.00455548
0.00380199
0.00384665
0.00405515
0.00328182
0.00311646
0.00282802
0.00302709
0.00333867
0.00337179
0.00290419
0.00312583
0.00278883
0.00299744
0.00365557
0.00276325
0.0026863
0.00265043
0.00301177
0.00260261
0.00276886
0.00322995
0.00298584
0.00272807
0.00286491
0.00317057
0.0039954
0.0028448
0.00299106
0.00307344
0.00314717
0.00273705
0.00262258
0.00272111
0.00352407
0.00296238
0.00278506
0.00252517
0.00292147
0.00323351
0.00317108
0.00322438
0.0032223
0.00304804
0.00338236
0.00318831
0.00331015
0.00317446
0.00281566
0.00323498
0.00332574
0.00326191
0.00331112
0.00398815
0.00363432
0.00368325
0.00283022
0.00291424
0.00336574
0.00321778
0.00319176
0.00373677
0.00490041
0.00355614
0.00383287
0.00298161
0.00324828
0.00312347
0.00349876
0.00342371
0.00344279
0.0032246
0.00321825
0.00310307
0.00291123
0.00287631
0.00312952
0.00412533
0.0032551
0.00317534
0.00297526
0.00304774
0.00317504
0.0033074
0.00384566
0.00448496
0.00366006
0.00327296
0.00317417
0.00355777
0.0033117
0.00373458
0.00364144
0.0032179
0.00533547
0.00393407
0.00290505
0.00337883
0.00318596
0.00340141
0.00296814
0.002852
0.00314175
0.00305778
0.00307866
0.00335024
0.00306366
0.00309215
0.00319539
0.00313058
0.0029874
0.00325233
0.00402649
0.00364292
0.00321101
0.00321579
0.00306324
0.00325866
0.00321979
0.00288434
0.00300531
0.00312946
0.00314427
0.00352813
0.00303869
0.00310342
0.00335145
0.00322291
0.00273738
0.00285344
0.00287489
0.00283993
0.0028318
0.00287092
0.00294287
0.00304206
0.00290347
0.00262948
0.00300262
0.00280052
0.00323083
0.00305077
0.00332101
0.00267829
0.00407271
0.00392123
0.00460583
0.00418096
0.00420217
0.00395705
0.00287264
0.00284254
0.00286066
0.00274728
0.00279406
0.00273865
0.00306675
0.00278661
0.00291405
0.00268019
0.00284328
0.00295183
0.0029052
0.00319463
0.0027255
0.00257806
0.00267584
0.00282824
0.00312634
0.00443985
0.0032278
0.00299297
0.00280958
0.00304516
0.00297073
0.00317008
0.00355481
0.00326699
0.00365426
0.00324087
0.00315927
0.00318759
0.00328829
0.00299532
0.00383129
0.00416825
0.00354941
0.0033164
0.00321313
0.00319033
0.0029851
0.00332132
0.00396172
0.00380516
0.004131
0.00330684
0.0034355
0.00333429
0.00436502
0.00380215
0.00432053
0.00451318
0.00339912
0.00382323
0.00322306
0.00341438
0.00352684
0.00376764
0.004046
0.00361547
0.00400756
0.00379705
0.0035878
0.00339484
0.00337735
0.00314103
0.00370858
0.00471097
0.00448888
0.00373175
0.00381991
0.00413244
0.00394948
0.00379259
0.00393147
0.00397839
0.00405258
0.00390421
0.00519531
0.00390557
0.00456356
0.00369259
0.00438894
0.00389685
0.00380878
0.00428228
0.00420781
0.00421195
0.00542627
0.00422335
0.00393434
0.00347419
0.00411183
0.0048483
0.00447478
0.00439749
0.00480792
0.00455856
0.00442668
0.00434877
0.00331815
0.00409616
0.00379991
0.00435739
0.00537552
0.00434505
0.0037186
0.00382209
0.0041316
0.00499184
0.00412041
0.00460765
0.00429701
0.00484039
0.00474002
0.00370059
0.00384312
0.00382721
0.00396539
0.00374638
0.00335242
0.00369754
0.00364361
0.00408636
0.00357892
0.00553535
0.00421491
0.00373357
0.00341708
0.00366466
0.00379699
0.00334194
0.00354064
0.00393234
0.00315591
0.00333943
0.00376804
0.00379121
0.00369051
0.00436102
0.00468006
0.00528934
0.00390991
0.00404843
0.00302875
0.00336985
0.00337914
0.00378575
0.00340288
0.0042883
0.00423565
0.00354567
0.00327584
0.00345146
0.00312645
0.0037317
0.00373429
0.00329361
0.00376561
0.00337521
0.003893
0.00384435
0.00351839
0.00523262
0.00362617
0.00365094
0.00424468
0.0036136
0.00389039
0.00360976
0.00344209
0.00375482
0.00364947
0.00390196
0.00407075
0.00357118
0.00389713
0.00343074
0.00395881
0.00373285
0.00343913
0.00339654
0.00331138
0.00333601
0.00393799
0.00387251
0.00428117
0.00434339
0.0051852
0.0038081
0.00367044
0.00344784
0.00367887
0.00324529
0.00432094
0.00366292
0.00373594
0.00359889
0.00358706
0.00374509
0.00357548
0.00329571
0.0033543
0.00327682
0.00353871
0.00325307
0.00362506
0.00421873
0.00381205
0.00370645
0.0047078
0.00363272
0.00452345
0.00354441
0.00434574
0.00313633
0.00372649
0.00375463
0.00341439
0.00355886
0.00341345
0.00341569
0.00368132
0.00303411
0.00360431
0.00389473
0.00318007
0.00396112
0.00409148
0.00369729
0.00359296
0.00387271
0.00410331
0.00410465
0.00415754
0.00419812
0.00333374
0.00312161
0.00341362
0.00319288
0.00340768
0.00309674
0.00313517
0.00289179
0.00299986
0.00326414
0.00340591
0.00316729
0.00387603
0.00376786
0.00346788
0.00357132
0.00322113
0.00328851
0.00331809
0.00296544
0.00398141
0.00318283
0.00345709
0.00331799
0.00330685
0.00349693
0.00345299
0.00335612
0.00346236
0.00298479
0.00307877
0.00425
0.00475038
0.00332277
0.00326762
0.00332212
0.0034126
0.00320874
0.00332483
0.00334826
0.00358114
0.00344688
0.00349472
0.00368352
0.00345832
0.00331643
0.00370505
0.00375788
0.00463478
0.00321208
0.00351728
0.00329918
0.00339758
0.0044238
0.00334097
0.00327892
0.00318821
0.00309515
0.00333825
0.00356796
0.00431398
0.00460777
0.00405968
0.00361726
0.00352868
0.00305125
0.00316271
0.00338579
0.00342319
0.00348915
0.00672359
0.00385296
0.00366418
0.00343012
0.00405411
0.00581173
0.00438815
0.00342732
0.00353043
0.00326078
0.00335975
0.00346299
0.0029677
0.00306127
0.00332563
0.00322299
0.00328177
0.00313919
0.0030784
0.00361589
0.00333706
0.00369722
0.00318896
0.00282955
0.00340067
0.00333272
0.00379287
0.00425687
0.00354397
0.00454959
0.00356067
0.00326759
0.00317444
0.00349282
0.0033582
0.00335703
0.00327906
0.0032398
0.0040506
0.00339218
0.00304923
0.00308416
0.00306796
0.00345042
0.00375093
0.0032699
0.00394495
0.00362911
0.00486014
0.00392322
0.0041126
0.00344606
0.00378408
0.0044106
0.00427748
0.00301636
0.00370293
0.00278904
0.00299614
0.00291421
0.00319213
0.00297273
0.00300335
0.00357333
0.00318055
0.00423837
0.00316748
0.0034032
0.00383002
0.00432819
0.00400751
0.00357173
0.00366089
0.00319055
0.00368853
0.00393835
0.00404305
0.00380702
0.00452066
0.00354133
0.00273153
0.00298004
0.00587939
0.00275836
0.00302848
0.00298969
0.00278808
0.00327143
0.00349734
0.00383401
0.00288624
0.00293269
0.00320122
0.00276435
0.00314855
0.0040115
0.00271361
0.00363926
0.00388782
0.00312355
0.00360462
0.00393133
0.00345315
0.00318637
0.0033947
0.00317887
0.00314788
0.00272008
0.00285991
0.00279776
0.00306099
0.00290644
0.0028628
0.00327955
0.00419717
0.00364447
0.00304387
0.00312305
0.00322726
0.00319184
0.00288124
0.00281159
0.00284424
0.00271127
0.00306703
0.00375141
0.00396487
0.00383656
0.00346073
0.00437924
0.00379291
0.00340371
0.00437505
0.00357032
0.00337836
0.00304429
0.00288531
0.00327789
0.0031972
0.00326522
0.00367205
0.00314281
0.00335742
0.00289136
0.002826
0.00357869
0.00326037
0.00283526
0.00310936
0.00336508
0.00358662
0.00292975
0.00318189
0.00241421
0.00438259
0.00277381
0.00307515
0.00331749
0.00293501
0.00308252
0.00380132
0.00359066
0.00374579
0.00336107
0.00275385
0.00304369
0.00256819
0.00259575
0.00272673
0.00284928
0.00316766
0.00360738
0.00299439
0.00307159
0.00355029
0.00376112
0.00403843
0.00429372
0.00473347
0.00393172
0.00414009
0.00403752
0.00396911
0.00341398
0.00275067
0.00294166
0.00262418
0.00252605
0.0026522
0.00258157
0.00286509
0.00256185
0.00270826
0.00296188
0.0027307
0.00258743
0.00272583
0.00270088
0.00347377
0.00295722
0.00285235
0.00273124
0.00261555
0.00287973
0.00307703
0.00296043
0.0027792
0.00309034
0.00269291
0.00262749
0.00272273
0.00266922
0.00250935
0.00330204
0.00250439
0.00287078
0.00269932
0.00281529
0.0034112
0.00279704
0.00264204
0.0029344
0.00249459
0.00302737
0.00320572
0.0031508
0.00289988
0.0028632
0.00270345
0.00311024
0.00268194
0.00273589
0.00286582
0.00387493
0.00386964
0.00326246
0.00283026
0.00286134
0.00284204
0.00322766
0.00279303
0.0038286
0.00357049
0.002666
0.00245669
0.00265473
0.00325611
0.00377595
0.0030038
0.00268475
0.00265632
0.00278884
0.00266094
0.00273297
0.00281981
0.00304867
0.00267998
0.00298548
0.00348592
0.00515271
0.0038978
0.00324671
0.00275639
0.0026952
0.00272669
0.00268247
0.00267887
0.00283524
0.00280628
0.00282364
0.00292814
0.00313545
0.0033814
0.00249278
0.00302547
0.00273461
0.00271777
0.00332887
0.0035264
0.00310302
0.00292915
0.0027936
0.00281339
0.00262083
0.00281995
0.00260579
0.00291415
0.00307347
0.00285954
0.00305564
0.00287716
0.00279817
0.00259133
0.00272888
0.00312394
0.00304333
0.00384754
0.00356274
0.00255929
0.0027703
0.00281247
0.00293142
0.00245679
0.00274617
0.00290794
0.00299782
0.00274788
0.0026587
0.00300489
0.00291882
0.00268044
0.00258649
0.00290682
0.00296121
0.00318802
0.00253292
0.0030766
0.00305532
0.00276126
0.00453182
0.0026087
0.00278217
0.00303568
0.00384934
0.00322578
0.00330478
0.00298472
0.00301673
0.00322619
0.00303069
0.00270205
0.00248505
0.00266524
0.0027876
0.00293486
0.00291149
0.00303096
0.0037229
0.00252539
0.00301367
0.00265253
0.00280308
0.00297995
0.00341732
0.00332678
0.00295552
0.00303129
0.00290165
0.00311759
0.00298935
0.00300185
0.00301505
0.00269115
0.00284984
0.00419876
0.00399193
0.00406694
0.00367161
0.00465945
0.00488844
0.003829
0.00367763
0.00304272
0.003293
0.00351041
0.00310334
0.00271235
0.00246987
0.00295353
0.0030317
0.00436984
0.00540601
0.00404781
0.00385173
0.00425025
0.00333393
0.00355536
0.00381003
0.00400568
0.00300526
0.00321944
0.00267474
0.00300352
0.00278544
0.00292986
0.00300629
0.00269508
0.00305945
0.00317018
0.00272893
0.00302575
0.00249081
0.0028247
0.00280421
0.00305079
0.00406128
0.00366316
0.00426857
0.0041452
0.00466691
0.00431982
0.00468343
0.0056198
0.00318751
0.00303754
0.00287086
0.00279295
0.00296093
0.00285361
0.00285442
0.00258672
0.00276765
0.00277553
0.00308481
0.00272142
0.00272257
0.00284943
0.00262193
0.00289356
0.00264372
0.00278031
0.00277111
0.00277347
0.00269056
0.00279544
0.00276111
0.00290336
0.00379912
0.00279386
0.00272348
0.00294229
0.00264349
0.00279597
0.0028691
0.00309445
0.00267623
0.00279442
0.00274771
0.00298578
0.00332596
0.00337853
0.00313235
0.00327487
0.00293486
0.00328998
0.00281269
0.00315387
0.00290084
0.00297602
0.00287236
0.00305899
0.00269229
0.0028346
0.00278135
0.00332476
0.00276849
0.00276452
0.00286983
0.00304743
0.002662
0.00281152
0.00297185
0.00300593
0.00320961
0.00269791
0.00295841
0.00322895
0.00365261
0.00364868
0.00303442
0.00368164
0.00346224
0.00324333
0.00310456
0.00347136
0.00323436
0.00363943
0.00325644
0.00334437
0.00361408
0.00298572
0.00312304
0.00289381
0.00309645
0.00352353
0.00310841
0.00300535
0.00326785
0.00292403
0.00381146
0.0029473
0.00317088
0.00343428
0.00346908
0.00316985
0.00332585
0.00300145
0.0031373
0.00336584
0.00344189
0.00329265
0.00351672
0.00332364
0.00322354
0.00262703
0.00302049
0.00290244
0.00329085
0.00347354
0.00396049
0.00272568
0.00357778
0.00308854
0.00295352
0.00310417
0.00282806
0.00320523
0.00311408
0.0031545
0.00292307
0.00334744
0.00367747
0.00285779
0.00393615
0.00310646
0.00308931
0.00291575
0.0028501
0.00308159
0.00317717
0.00315802
0.00323099
0.00293022
0.00271462
0.00302447
0.0025134
0.00302496
0.00276406
0.0027649
0.0029236
0.00282148
0.00303
0.00267845
0.00320931
0.00281648
0.00326867
0.00319389
0.00299808
0.00282306
0.00324174
0.00301675
0.00286615
0.00312069
0.00310831
0.00265173
0.00287184
0.0028709
0.00305505
0.00280709
0.00286984
0.00291034
0.00297447
0.0027964
0.00290938
0.00277856
0.00294474
0.00285615
0.00305412
0.00277816
0.00296646
0.00276536
0.00311143
0.00313798
0.00278986
0.00274651
0.00326166
0.00323447
0.00270827
0.00329027
0.00275054
0.00292385
0.00307599
0.00322377
0.00318716
0.00275192
0.00251587
0.00283788
0.00275428
0.00320434
0.00312863
0.003099
0.00271712
0.00293548
0.00359401
0.00276419
0.00280079
0.00284053
0.00303423
0.00319771
0.00269893
0.00286245
0.00260991
0.00269098
0.00279465
0.00239878
0.00282902
0.00306419
0.00295074
0.00292112
0.00253731
0.00292469
0.00271577
0.00282353
0.00287054
0.0028909
0.00265452
0.00282344
0.00247725
0.00284963
0.0029825
0.00282027
0.002695
0.00304436
0.00277179
0.00283744
0.00260577
0.00278611
0.00273683
0.00278971
0.00298627
0.00299741
0.00286345
0.00303943
0.00260259
0.00280548
0.00264705
0.00318755
0.00330621
0.00353126
0.0030682
0.00335827
0.0027394
0.00297291
0.00286968
0.0030266
0.00304109
0.0029607
0.00289109
0.0036303
0.00289727
0.00319968
0.00277304
0.00272234
0.00285768
0.00310034
0.00282077
0.00285166
0.00312411
0.00288401
0.00291303
0.0034631
0.00294271
0.00280323
0.00342587
0.00336466
0.00245338
0.0029975
0.00331872
0.00273451
0.00316013
0.00317824
0.00264012
0.00306215
0.00336115
0.00290752
0.00288266
0.00306775
0.00299762
0.00288643
0.00290734
0.00305242
0.00297913
0.00321698
0.00298975
0.00307705
0.00281779
0.00291546
0.00314663
0.00298172
0.0028741
0.0027229
0.0033759
0.00321734
0.00309694
0.00304662
0.00307978
0.00315705
0.00302762
0.00311335
0.00273866
0.00293378
0.00292542
0.00293021
0.00281734
0.00303498
0.00435152
0.00401358
0.00418296
0.0050066
0.00298426
0.00401062
0.00517263
0.00359915
0.00294817
0.0029127
0.00297101
0.00333572
0.00439601
0.00462959
0.00593599
0.00351846
0.00400667
0.00449171
0.00429029
0.00291291
0.0028247
0.0033032
0.0030025
0.00321103
0.00285102
0.00331166
0.00295379
0.00331811
0.00278268
0.00303714
0.00326461
0.00347225
0.00288493
0.00330448
0.00320302
0.00311357
0.0030694
0.00304384
0.0027426
0.00301254
0.00293538
0.0032003
0.0029511
0.00337855
0.0035035
0.00404189
0.00448701
0.00440269
0.00448324
0.00414372
0.0044011
0.00431765
0.00462629
0.00392258
0.00322936
0.00336815
0.00319038
0.00299099
0.00312502
0.00329922
0.00276191
0.0033108
0.00328263
0.00321004
0.00422171
0.00326168
0.00291542
0.00322994
0.00295573
0.00299023
0.00351215
0.0037444
0.00400199
0.00316229
0.00303325
0.00302097
0.0032994
0.00371295
0.00292146
0.00286887
0.00305872
0.00311575
0.00312389
0.00343042
0.00278072
0.00298054
0.00309796
0.00344396
0.00364976
0.00313044
0.00310303
0.00318076
0.0032979
0.00328147
0.00329806
0.00302649
0.00411429
0.00307436
0.00339616
0.00316216
0.0029199
0.00330664
0.00293046
0.00280497
0.00314906
0.00380764
0.00307043
0.00324381
0.005443
0.00280326
0.00290076
0.00303918
0.00370157
0.00349706
0.00339005
0.00343126
0.00337141
0.00359906
0.00364919
0.0033931
0.00281827
0.00333474
0.00311849
0.00326956
0.00304829
0.00360976
0.00326562
0.00310505
0.00288615
0.00318296
0.00279928
0.0030843
0.00335825
0.00317464
0.00373542
0.00326946
0.00314917
0.00359419
0.00341552
0.00345379
0.00315828
0.00346393
0.00343343
0.00338508
0.00329585
0.00372689
0.00325224
0.00320067
0.00351072
0.00356493
0.00327517
0.00308092
0.00304902
0.00309642
0.00311119
0.00317463
0.00320035
0.00289897
0.00307489
0.00344271
0.00362567
0.00320117
0.00327636
0.00346086
0.00322231
0.00332898
0.00337513
0.0034615
0.0031247
0.00322142
0.00348784
0.00317391
0.00301717
0.00333747
0.00328654
0.00319709
0.00287872
0.00336769
0.00337038
0.00313822
0.00323838
0.00361378
0.00303007
0.00333117
0.00339314
0.00302253
0.00331112
0.00364222
0.00373082
0.00386171
0.0040541
0.00544534
0.00327704
0.00369889
0.00329762
0.00347557
0.00316669
0.00348065
0.00305203
0.00352208
0.00338007
0.00387945
0.00358431
0.00345928
0.00337083
0.0037167
0.00468809
0.00490832
0.00349115
0.00337065
0.00403911
0.00347536
0.00382056
0.00404026
0.0039356
0.00346024
0.00370599
0.00396171
0.00430724
0.00536474
0.00435544
0.00428986
0.00380125
0.00445342
0.00414655
0.00416001
0.00421824
0.00513061
0.00544397
0.00363037
0.00401326
0.00416903
0.00437167
0.00430272
0.00387582
0.00365266
0.00485719
0.00435901
0.00396915
0.00442472
0.00372331
0.00406219
0.00399003
0.00378671
0.00371844
0.00384893
0.00585289
0.00542826
0.00439092
0.00370238
0.0050343
0.003862
0.0045613
0.00523242
0.00404669
0.00412308
0.0038686
0.00429989
0.00405041
0.00752415
0.00505476
0.00371209
0.0037712
0.00430876
0.00431948
0.0057859
0.0040215
0.00419972
0.00432437
0.00455304
0.0042179
0.00520448
0.00410884
0.00389736
0.00416788
0.00361806
0.00339494
0.00385382
0.00347859
0.00378458
0.00468637
0.00601726
0.00370992
0.00467815
0.00411796
0.00381486
0.00460796
0.00474972
0.00599151
0.00524721
0.00428462
0.00380552
0.00376072
0.00488058
0.00533429
0.00428173
0.00379525
0.0038555
0.00490867
0.00715017
0.0042723
0.0037034
0.00364127
0.00435286
0.00400333
0.00543094
0.00603294
0.0043735
0.00427109
0.00458753
0.00383515
0.00686077
0.00404244
0.00400264
0.00389448
0.00424777
0.00399399
0.00739113
0.00543945
0.00601121
0.00561482
0.00448016
0.0043647
0.00475711
0.00424152
0.00602613
0.00494974
0.00429284
0.00455644
0.0046096
0.00500757
0.00497202
0.00509695
0.00493332
0.00466393
0.00635851
0.00425504
0.00450909
0.00416463
0.0035858
0.00397957
0.00386666
0.00545282
0.00398811
0.00411237
0.00365668
0.00428828
0.00339606
0.00379542
0.00459052
0.00353199
0.00395348
0.00355834
0.0036358
0.00383604
0.0041455
0.00485648
0.00394685
0.00386076
0.00450661
0.00413342
0.00348705
0.00370139
0.00452461
0.00424165
0.00461012
0.00436387
0.00441601
0.00390953
0.00437071
0.00510353
0.00385086
0.00404735
0.00396077
0.00436122
0.00393792
0.00430212
0.00412928
0.00444413
0.00528942
0.00535584
0.00487781
0.00412455
0.0048753
0.00482377
0.00674495
0.00478881
0.0046751
0.00483621
0.00606307
0.00453807
0.00505022
0.00504146
0.00441384
0.00665239
0.00500397
0.00473334
0.00552245
0.00688185
0.00647966
0.00789408
0.00607227
0.00512526
0.00607984
0.00461382
0.00492196
0.00491088
0.00543253
0.00702066
0.0042501
0.00473198
0.00589047
0.0077091
0.00630339
0.00506628
0.00508171
0.00452479
0.00456123
0.00445656
0.00413048
0.00445832
0.00471748
0.00514158
0.0048321
0.00480102
0.00367027
0.00473153
0.00432359
0.00595144
0.00397843
0.00435606
0.00434657
0.0044502
0.00482046
0.00450714
0.00489635
0.00432194
0.00455277
0.00698925
0.00487799
0.00560657
0.00491139
0.00496405
0.00619626
0.00459119
0.00458235
0.00573806
0.00619411
0.00556326
0.0071446
0.00566744
0.00455165
0.00414975
0.00455203
0.00589707
0.00433778
0.00464038
0.0048748
0.0053494
0.00494602
0.00475821
0.00398657
0.0042303
0.00414207
0.00458636
0.00374911
0.00427275
0.0045234
0.00382676
0.00372441
0.00455249
0.00448132
0.00579687
0.00395864
0.00398083
0.00385176
0.00418986
0.00515283
0.00448993
0.00362457
0.00412926
0.00424828
0.00438918
0.00492982
0.00402459
0.00440392
0.00409803
0.00398443
0.00565936
0.0035251
0.00390877
0.00378291
0.00394455
0.00425578
0.00579893
0.0038733
0.00401242
0.00412344
0.00425515
0.00401292
0.00527571
0.00403231
0.00397543
0.00436777
0.00432576
0.00399299
0.00444773
0.00432982
0.00415929
0.00450473
0.00405894
0.00409902
0.00465729
0.00462299
0.00452432
0.00477852
0.00477828
0.00516048
0.00427305
0.0046849
0.00432819
0.004293
0.00499446
0.00454113
0.00407901
0.00433761
0.00475818
0.00477454
0.00454096
0.00429496
0.00456358
0.00451552
0.00523456
0.00452945
0.00487047
0.00439791
0.00450361
0.00502339
0.00660925
0.00462208
0.0047176
0.00399736
0.00465037
0.00455312
0.00453998
0.0047792
0.00461129
0.0046772
0.00405276
0.00614308
0.00453038
0.00466199
0.00416555
0.00453114
0.00512308
0.00601643
0.00412328
0.00439164
0.00428853
0.00464468
0.00419545
0.00456517
0.00484622
0.00556144
0.00403578
0.00423423
0.00513746
0.00458129
0.00492372
0.00423454
0.00394795
0.00452576
0.00470757
0.00499394
0.00409073
0.00483156
0.00435161
0.00457821
0.00490946
0.00410148
0.00405728
0.00366129
0.00413458
0.00373468
0.00417198
0.00508056
0.00361947
0.00414036
0.00374615
0.0038186
0.00495035
0.00625079
0.00523451
0.00578595
0.00397988
0.0043329
0.00432369
0.00547888
0.00401131
0.004435
0.00403424
0.00420916
0.00422251
0.00467223
0.0043245
0.0043557
0.00404947
0.00539176
0.00442321
0.00399123
0.0043605
0.00450491
0.004279
0.00485295
0.0045634
0.00443598
0.0041944
0.00446326
0.00426112
0.00428146
0.00400745
0.00352282
0.00463245
0.00435715
0.00385558
0.00372168
0.00591048
0.00564466
0.0041152
0.00453623
0.00360596
0.00440189
0.0072617
0.00557816
0.00440407
0.00441845
0.00385407
0.00534978
0.00433753
0.00409307
0.00467258
0.00434838
0.00399801
0.00389411
0.00563947
0.0040851
0.00436213
0.0040431
0.00354325
0.00362183
0.00380062
0.00455892
0.00546101
0.00372053
0.00403392
0.00384769
0.00385511
0.00366964
0.00432262
0.00554643
0.00371486
0.00381439
0.00433798
0.00386706
0.00481704
0.00362281
0.00405105
0.0035784
0.00617827
0.00416851
0.0040073
0.00400454
0.00369277
0.00336813
0.00450451
0.00482818
0.00362458
0.00345907
0.00310075
0.00392943
0.00338075
0.00391385
0.00408346
0.00333753
0.0034467
0.00352699
0.00358039
0.00467478
0.00488782
0.00334167
0.00388557
0.00400224
0.00376376
0.00336474
0.00343475
0.00333218
0.00314278
0.00400264
0.00319688
0.00367388
0.00326963
0.00314355
0.00371021
0.00344444
0.00377481
0.00406969
0.00420152
0.00417463
0.00354791
0.00411648
0.00325409
0.00347212
0.00311453
0.00291689
0.00318466
0.00315219
0.0030282
0.00308412
0.00317272
0.00298257
0.0032123
0.00297092
0.0030215
0.00304977
0.00309312
0.00359543
0.00315115
0.00485966
0.00453167
0.00388328
0.0031857
0.00536335
0.00301665
0.00376457
0.00309525
0.00341793
0.00301478
0.00323326
0.00351777
0.00300218
0.00342757
0.00345538
0.00333176
0.00368936
0.00287029
0.00350668
0.0035465
0.00404575
0.00338425
0.00337735
0.0031903
0.00389617
0.00416739
0.00365123
0.00309866
0.0035614
0.00369157
0.00323981
0.00352012
0.0035242
0.00299388
0.0031965
0.0032365
0.00309828
0.00302279
0.00298612
0.00349591
0.00327687
0.00315477
0.00350293
0.00298363
0.00341951
0.00286214
0.00317939
0.00275772
0.0031964
0.00307452
0.00301663
0.0030865
0.00313976
0.00298724
0.00303906
0.00296908
0.00322053
0.00287652
0.00309277
0.00277324
0.00280412
0.0028714
0.00379506
0.00302458
0.0032943
0.00264789
0.0030867
0.00272114
0.00273164
0.00293332
0.00302324
0.00257166
0.00246688
0.00261256
0.00257806
0.00259921
0.00317465
0.00271165
0.00319197
0.00286466
0.00292476
0.00286557
0.00283327
0.0030564
0.00318115
0.00309535
0.00333997
0.00277978
0.00324618
0.00302521
0.00271571
0.002837
0.0030581
0.00286677
0.00298618
0.00287833
0.00273541
0.00275958
0.00280436
0.00279335
0.00258676
0.00278488
0.00312842
0.00239516
0.00280562
0.00261611
0.00267824
0.002863
0.00266335
0.00257132
0.00255498
0.0026362
0.00271817
0.00259109
0.00256133
0.00254228
0.00250873
0.00237365
0.00271814
0.00266886
0.0036036
0.00253024
0.00273357
0.00225324
0.00240784
0.00269929
0.0028015
0.00278071
0.00293235
0.00246855
0.0027111
0.00265254
0.00317789
0.00352902
0.00290701
0.00286925
0.00265219
0.00332343
0.00275952
0.00314583
0.00249789
0.00288193
0.0031362
0.00310067
0.00332751
0.00334248
0.0026535
0.00240403
0.0018256
0.00195195
0.00221419
0.00198498
0.00198169
0.00219466
0.00227244
0.00216167
0.0019759
0.00251991
0.00312632
0.0020621
0.00211896
0.00251785
0.00206411
0.00216761
0.00210657
0.00212597
0.00218024
0.00244365
0.00249641
0.00300046
0.00342872
0.00281874
0.00288962
0.00312522
0.00294007
0.00320572
0.00313233
0.00315263
0.00320563
0.00306932
0.00330446
0.00357312
0.00321726
0.00332753
0.00365128
0.00460934
0.00351791
0.00395637
0.00377244
0.00378215
0.0036148
0.00374237
0.00418164
0.00379002
0.00404301
0.00395947
0.00564448
0.00395554
0.00368142
0.00436084
0.00376746
0.00397974
0.0041002
0.00357538
0.0048465
0.00420048
0.00396749
0.00359431
0.00371339
0.00368074
0.00394943
0.00359872
0.00340862
0.00399905
0.00370963
0.00467513
0.00489671
0.00669991
0.0040406
0.00427643
0.00372542
0.00414613
0.00476809
0.00398968
0.00473828
0.00616781
0.00421604
0.00382318
0.00432017
0.00411863
0.00420705
0.00472662
0.0057785
0.0041769
0.00415105
0.00433261
0.00418882
0.00461302
0.00531252
0.00545809
0.00440794
0.0042136
0.00397852
0.00445441
0.00445057
0.00433241
0.00561902
0.00412782
0.00406902
0.00447282
0.00488437
0.00503143
0.00472731
0.00454428
0.00397473
0.00410773
0.00443953
0.00392624
0.00524562
0.00684583
0.00486641
0.00433216
0.00439027
0.00445193
0.00476182
0.00463926
0.0048985
0.00560954
0.00476946
0.00454819
0.0042773
0.00461376
0.00453475
0.00434157
0.00417303
0.00427765
0.00553789
0.00381326
0.00390054
0.00372937
0.00346519
0.00382048
0.003638
0.00396207
0.00458241
0.00423706
0.00409973
0.00336129
0.00421581
0.00359353
0.00347346
0.00399989
0.00573876
0.00584813
0.00445614
0.00318427
0.00322265
0.0029374
0.00297523
0.00278956
0.00305787
0.00264943
0.00323508
0.0028317
0.00272137
0.00276312
0.00304468
0.00289574
0.00265265
0.00277866
0.00245055
0.00258707
0.00220927
0.00230531
0.0025438
0.00236483
0.00252959
0.00250051
0.00242586
0.00268076
0.00249484
0.00265103
0.00245695
0.00255514
0.00247248
0.00246901
0.00272698
0.00245789
0.00236834
0.00235131
0.00239232
0.00227827
0.00252361
0.00255014
0.0024071
0.0024673
0.00255312
0.00249435
0.00264889
0.00246325
0.00244103
0.00240228
0.00223925
0.00231552
0.00228157
0.0022668
0.0030886
0.00253972
0.00263985
0.00297662
0.00241911
0.00266576
0.00235364
0.00213749
0.00217928
0.00217941
0.0022867
0.0024581
0.00229925
0.00262753
0.00310897
0.00268766
0.00264158
0.00256073
0.00284312
0.00251522
0.00281524
0.00295047
0.00290462
0.00281505
0.00299318
0.00318797
0.00323464
0.0052255
0.0036946
0.00432842
0.00377697
0.00349119
0.00297051
0.00328832
0.0032287
0.0031349
0.0031465
0.00330583
0.00506908
0.00360851
0.00371821
0.00338945
0.00302432
0.00291785
0.00328214
0.00333044
0.00470298
0.0034581
0.00314626
0.00324699
0.00319688
0.00355385
0.00352042
0.00405848
0.00346927
0.00393345
0.00374719
0.00339163
0.00384639
0.00364016
0.00385032
0.0038924
0.00371559
0.00369758
0.00394256
0.00384889
0.00419079
0.00418379
0.00388957
0.0037743
0.00409599
0.00402049
0.00654791
0.00705178
0.00389515
0.00419845
0.00449552
0.00401106
0.00375858
0.00551757
0.00401404
0.00393954
0.00369205
0.00406907
0.00408261
0.00414861
0.0034896
0.00407864
0.00392392
0.0039548
0.00420505
0.00497829
0.00466005
0.00428863
0.00437739
0.00374376
0.00391778
0.00549422
0.00398918
0.00447903
0.00386457
0.00415299
0.00395961
0.0051799
0.00412623
0.00403955
0.0043522
0.00461986
0.0041968
0.00558845
0.00434833
0.00373658
0.00419209
0.00423434
0.004478
0.00495637
0.00455331
0.00365972
0.0042041
0.00422696
0.00447248
0.00450224
0.00442122
0.00369114
0.00440687
0.00436419
0.00390056
0.00398219
0.0049729
0.0042227
0.00394305
0.00550174
0.00431888
0.00574102
0.00418983
0.00389722
0.00369037
0.00393619
0.00389424
0.00371817
0.00431663
0.00476358
0.00427921
0.00450576
0.00474061
0.0044866
0.00468168
0.00387123
0.00424828
0.00479236
0.00417055
0.00471803
0.00488846
0.00443812
0.00393751
0.00418262
0.00420795
0.0045941
0.00424983
0.00468531
0.00408822
0.00449701
0.00420254
0.00490354
0.00448314
0.0041925
0.00456797
0.00551796
0.00645618
0.00413653
0.00431981
0.0042123
0.00549011
0.00551462
0.00562131
0.00416833
0.00395435
0.00412134
0.0040155
0.00395889
0.00409635
0.00508091
0.00623944
0.00449295
0.00430697
0.00391626
0.00452998
0.00414334
0.00488129
0.00605326
0.00486715
0.00409018
0.00401655
0.00393552
0.00415546
0.00447401
0.00400064
0.00382599
0.00409367
0.00432607
0.00396
0.00479255
0.00477852
0.00475978
0.00523392
0.00429892
0.00406221
0.00432325
0.00416457
0.00441087
0.00409655
0.00529608
0.0045727
0.00426504
0.00423481
0.00415374
0.00425113
0.00372861
0.00446884
0.00365889
0.00532282
0.00468354
0.00424525
0.00418429
0.00410213
0.00386656
0.00396163
0.00449867
0.00477554
0.00595421
0.00420775
0.00431578
0.00389714
0.00425712
0.00417327
0.00468882
0.00516949
0.0046786
0.00645695
0.00405703
0.00397381
0.0047112
0.00595803
0.00453969
0.004539
0.0048582
0.00454652
0.00402161
0.00507623
0.00535197
0.00471477
0.00431846
0.00429967
0.00486304
0.00462879
0.00601662
0.00502396
0.00489846
0.00486508
0.00457697
0.00502005
0.00583367
0.00589662
0.00465839
0.00451603
0.00608686
0.00520544
0.00512
0.00505136
0.00496827
0.00495782
0.00496555
0.00472215
0.00502923
0.00478411
0.00570507
0.00658954
0.00703461
0.00473272
0.00501802
0.0048214
0.00499492
0.00539699
0.00572307
0.00477631
0.0046442
0.00449782
0.00434493
0.00466927
0.0046823
0.00576393
0.00457348
0.00511098
0.00489939
0.00551968
0.00485448
0.00475779
0.0058618
0.00497194
0.00518326
0.00545395
0.00505941
0.00512242
0.00425577
0.00621114
0.00485402
0.00576768
0.00519983
0.00424086
0.00492044
0.00445641
0.00493816
0.00515122
0.00614552
0.00456452
0.00417387
0.00449249
0.00461686
0.00531984
0.00453483
0.00464217
0.00457528
0.00445791
0.00456163
0.00525514
0.0052231
0.00434019
0.00381456
0.00395504
0.00481443
0.0039533
0.00410273
0.0039864
0.00394804
0.00442621
0.00398141
0.00444074
0.00464583
0.00471162
0.00464472
0.00493284
0.00472718
0.0045833
0.00438152
0.00442537
0.00470259
0.00454951
0.0053042
0.00571814
0.00487745
0.00519006
0.00480012
0.00390945
0.00528233
0.00411927
0.00443571
0.00382979
0.0048377
0.00448133
0.00427381
0.0045343
0.00403735
0.00438398
0.0045457
0.00450689
0.00462602
0.00513791
0.00448895
0.00511874
0.00487
0.00582242
0.00547492
0.0049784
0.0045683
0.00431631
0.00461708
0.00491657
0.00460909
0.00488851
0.00541012
0.00459236
0.004607
0.00657915
0.00648609
0.00476967
0.00415773
0.00462899
0.00559148
0.00702383
0.00525959
0.00520731
0.0052191
0.00465298
0.00499692
0.0049943
0.0055188
0.0052042
0.00549496
0.00590609
0.00498673
0.00549831
0.00597547
0.0049591
0.00570086
0.00645961
0.00500387
0.00496048
0.00523971
0.00471852
0.00553183
0.00466305
0.00575839
0.00626002
0.00498947
0.00499224
0.00501917
0.00523365
0.00511136
0.00517853
0.00654573
0.00603991
0.00504044
0.00533465
0.00521844
0.00586677
0.00491951
0.0049248
0.00519654
0.00462422
0.00663697
0.00561618
0.00514215
0.00524108
0.0049213
0.00438999
0.00457588
0.00487938
0.00506773
0.00682203
0.00511021
0.00465711
0.00520909
0.0047656
0.0049566
0.0057821
0.00636975
0.00601318
0.00548184
0.00585489
0.00523545
0.00633306
0.00708483
0.00572832
0.00633278
0.00555164
0.00553071
0.00593984
0.00652044
0.00552743
0.00607491
0.00512157
0.00578196
0.00769152
0.00539489
0.0057067
0.00524213
0.00551747
0.00568983
0.00635064
0.00731332
0.00569927
0.00532596
0.0054422
0.00554801
0.00600719
0.00643366
0.00518051
0.005998
0.00483963
0.00583572
0.00772297
0.00562175
0.00609754
0.00608671
0.00610207
0.00706724
0.00635012
0.00567146
0.00588125
0.00797876
0.00588978
0.00668359
0.006248
0.00528973
0.00674354
0.00548108
0.00577986
0.00589603
0.0055568
0.00521496
0.00607917
0.00537344
0.00536847
0.00528773
0.00637181
0.00589469
0.00525387
0.00575748
0.00624293
0.0057128
0.00763478
0.00656676
0.00641918
0.00514739
0.00615923
0.00688404
0.00628102
0.00564193
0.0049784
0.0064935
0.00684037
0.00588026
0.0045559
0.00524509
0.00556859
0.00601922
0.00640432
0.00650795
0.00615398
0.00557898
0.00477977
0.00517689
0.00479605
0.00532154
0.00602195
0.00501995
0.00494267
0.00536817
0.00482082
0.00556421
0.00601419
0.00512862
0.00546495
0.00517469
0.00535663
0.00524839
0.00542481
0.0073003
0.00507543
0.00502747
0.00558103
0.00521691
0.00530815
0.0047244
0.00669156
0.00473298
0.00529935
0.00455571
0.00459221
0.00456314
0.00617
0.00447568
0.00481817
0.00583683
0.00453824
0.00554049
0.00548578
0.00709788
0.00447538
0.00548538
0.00588672
0.00524833
0.00568469
0.00562168
0.0054277
0.00512291
0.00460674
0.00577927
0.00502241
0.00477882
0.00551246
0.00556192
0.00518798
0.00492332
0.00533248
0.00515183
0.00517488
0.00600764
0.00542375
0.00537943
0.00540229
0.00480271
0.00514711
0.00691047
0.00484245
0.00595139
0.00500914
0.00487363
0.00690337
0.00498152
0.00590534
0.00535533
0.00677144
0.00534817
0.00565087
0.00565187
0.00591288
0.00579972
0.00586355
0.00684968
0.0057567
0.00659201
0.00629922
0.00553338
0.00614827
0.00614419
0.00796056
0.00572214
0.00528851
0.00576284
0.00659142
0.00526298
0.00551154
0.00580707
0.00530435
0.00749851
0.0056393
0.00467505
0.00482083
0.00554882
0.00507487
0.00463253
0.00644356
0.00630752
0.00496183
0.00575777
0.00610394
0.00650349
0.00508711
0.00512292
0.0054767
0.0062278
0.00551359
0.00548754
0.00490074
0.00577542
0.00681111
0.00478569
0.00520981
0.00620942
0.00616233
0.00474531
0.00518003
0.00499284
0.00531923
0.0054747
0.00551947
0.0048154
0.00537317
0.0051262
0.00599027
0.00642232
0.00511676
0.00502643
0.00511612
0.00451189
0.00625124
0.00506564
0.00480456
0.00470739
0.00461498
0.00517733
0.00525899
0.00504985
0.00507967
0.00462878
0.00462402
0.00528788
0.0053561
0.00471457
0.00441471
0.00483126
0.00454267
0.004537
0.00436639
0.00508702
0.00578145
0.00500747
0.00443371
0.00451552
0.00466789
0.00423599
0.00510911
0.00422953
0.00430291
0.00447369
0.00402673
0.00438339
0.00438447
0.00469045
0.00556428
0.00523529
0.00416955
0.00468413
0.00374064
0.00421136
0.00391814
0.00549327
0.00629105
0.00516911
0.00434635
0.00428737
0.00422001
0.00443139
0.00403873
0.00511195
0.0039283
0.00382732
0.00381873
0.00445528
0.00428252
0.00416082
0.00419866
0.00386611
0.00379933
0.00413681
0.00455974
0.00465477
0.00424371
0.00430135
0.00484671
0.00526107
0.00449447
0.00410326
0.0040419
0.00384763
0.00436807
0.00407569
0.00391181
0.00445294
0.00518858
0.00408262
0.00374243
0.00400483
0.0045981
0.00423843
0.00549225
0.00422691
0.00436951
0.00424061
0.00423063
0.00405654
0.00383955
0.00394333
0.00389592
0.00399173
0.00367902
0.00323418
0.0041476
0.00364478
0.00397905
0.0034226
0.00379408
0.00337155
0.00395086
0.00386192
0.00366785
0.00349894
0.00429904
0.00351524
0.00330369
0.00377335
0.00414398
0.0035267
0.00328071
0.00355983
0.0035201
0.00320764
0.00300904
0.00311834
0.00321098
0.00307972
0.0032555
0.00337644
0.00326592
0.0033125
0.00283499
0.00331138
0.00331305
0.00355643
0.00293724
0.00294887
0.00346279
0.00392858
0.0028786
0.00420137
0.00366699
0.00397974
0.00301952
0.00295763
0.00330672
0.00317977
0.00297712
0.00342688
0.00234079
0.00233986
0.00245734
0.00227315
0.00256895
0.00199161
0.0024225
0.00223639
0.002333
0.00225658
0.00223433
0.00216255
0.00233927
0.00268609
0.00225708
0.00235491
0.002339
0.0041489
0.00251257
0.00316473
0.00267819
0.00267166
0.00227634
0.002087
0.00251839
0.00240556
0.00263157
0.00251802
0.00260417
0.00274702
0.00259613
0.00249854
0.00240584
0.00240382
0.00229891
0.00222933
0.00253523
0.00253388
0.00305748
0.00216499
0.00234415
0.00221368
0.00296387
0.00321667
0.00274929
0.00262721
0.00223995
0.00204363
0.00233217
0.00216524
0.00205331
0.00212781
0.00193686
0.00221073
0.00195642
0.00184035
0.00208926
0.00183743
0.00210769
0.0021207
0.0027549
0.00193828
0.0017153
0.00173905
0.00189052
0.0015854
0.00185427
0.00154808
0.00155948
0.00169669
0.00238137
0.00180453
0.00175907
0.00181362
0.00207772
0.00171991
0.00178498
0.00182996
0.00193685
0.00196523
0.00173114
0.00242348
0.00207567
0.00198014
0.00169481
0.00175205
0.0018732
0.00195147
0.00192756
0.00202666
0.00179175
0.00195397
0.00203495
0.0020998
0.00191547
0.001693
0.00179048
0.00168834
0.00180666
0.001864
0.00166164
0.00177243
0.00181322
0.00189253
0.00171126
0.00154726
0.00199594
0.00178943
0.00156727
0.00165806
0.00165284
0.00211242
0.00155185
0.00171558
0.00145803
0.00155805
0.0016305
0.00154991
0.00180855
0.00155482
0.00183468
0.00166261
0.00153001
0.00148665
0.00166574
0.00154689
0.00153532
0.00161792
0.00137597
0.0015491
0.00152549
0.00145076
0.00140139
0.00185587
0.0013634
0.00145996
0.0013127
0.00150414
0.00149481
0.00134649
0.00175231
0.0013621
0.00133001
0.00146681
0.00135133
0.00134755
0.00144779
0.00144155
0.00161918
0.00140619
0.00152414
0.00164964
0.00185622
0.00191248
0.00169814
0.00160839
0.00161098
0.00204798
0.00138174
0.00189291
0.00144659
0.00158678
0.00131174
0.00203611
0.00147601
0.00168193
0.00153079
0.00148935
0.00194988
0.00169985
0.00152111
0.00128441
0.00150601
0.00166463
0.00178283
0.00156084
0.0012997
0.00145047
0.00155351
0.0014563
0.00147148
0.00153028
0.00147145
0.00200921
0.00173748
0.00158014
0.00145278
0.00159014
0.00149771
0.00217614
0.00163588
0.0017151
0.0016065
0.00166972
0.0016852
0.00185948
0.00260036
0.0025831
0.00261525
0.00254963
0.0019726
0.00185215
0.00164035
0.00160728
0.00156856
0.00190277
0.00236225
0.00186648
0.00191948
0.00205354
0.00218859
0.00209341
0.00176865
0.00186987
0.00202056
0.00194628
0.00196593
0.00208214
0.00180758
0.00202162
0.00199198
0.00202909
0.00222462
0.00240491
0.00202398
0.00213371
0.00223526
0.00218245
0.0024867
0.00192465
0.00213722
0.0020004
0.00224505
0.00216732
0.00222385
0.0020873
0.00200218
0.00254972
0.00180355
0.00196043
0.00202488
0.00241405
0.00198832
0.00236948
0.00231638
0.00228843
0.0032545
0.00256514
0.00231441
0.00249122
0.00290703
0.00293053
0.00283921
0.00366778
0.00343718
0.00260412
0.002376
0.00239572
0.0026042
0.00322843
0.0029922
0.0030058
0.00317863
0.00339872
0.00402224
0.00315502
0.00309217
0.00304901
0.00334182
0.00340062
0.00336838
0.00304922
0.00323918
0.00449119
0.00338049
0.00306828
0.00352907
0.003626
0.00383604
0.0045542
0.00355301
0.00397623
0.00377283
0.00476324
0.00398935
0.00423962
0.00416234
0.00468012
0.00444945
0.00606183
0.00519947
0.00474732
0.00382294
0.00577093
0.00406574
0.00396203
0.00360092
0.00511754
0.00455719
0.0045191
0.00465165
0.00425585
0.0039721
0.00522842
0.00508393
0.00436099
0.00376276
0.00381996
0.00568694
0.00382869
0.003704
0.00377236
0.00539073
0.00374208
0.00354711
0.00364353
0.00351638
0.00422433
0.00342254
0.00436252
0.00375096
0.0036698
0.00359089
0.00376105
0.00428098
0.00447606
0.0038118
0.00436299
0.00424641
0.00594128
0.00411523
0.00419996
0.00547518
0.00463475
0.00521421
0.0067636
0.00474262
0.00503813
0.00619431
0.00446717
0.00478812
0.0045715
0.00479089
0.00441592
0.00558787
0.00574165
0.00464411
0.00482229
0.00538912
0.00434417
0.00440384
0.00440032
0.00457098
0.0041161
0.00476949
0.00508644
0.00414227
0.00522038
0.00423944
0.00379584
0.00471716
0.00348336
0.00383957
0.00365621
0.00414988
0.00501946
0.00511934
0.00445011
0.00470655
0.00358514
0.00406058
0.00427975
0.00331733
0.00360581
0.00404884
0.00404475
0.00379165
0.00404784
0.00415873
0.00443906
0.00391123
0.00415207
0.00427293
0.00411393
0.00458729
0.00439403
0.0043499
0.00458323
0.00492839
0.00522723
0.00497496
0.00419915
0.00410053
0.00436951
0.0042668
0.00442389
0.00533107
0.00446028
0.00449712
0.00429185
0.00455554
0.00402488
0.00411058
0.004143
0.00446771
0.00430404
0.00449481
0.00456719
0.0046375
0.00575342
0.00630658
0.00459296
0.00444984
0.00442484
0.00449446
0.00506924
0.00448291
0.00463573
0.00486998
0.00532479
0.00445041
0.0045844
0.00554128
0.00591116
0.00530598
0.00517307
0.00469392
0.00556522
0.00642838
0.00587959
0.00501927
0.00809538
0.00588809
0.00649715
0.00506817
0.00546205
0.00537828
0.0056806
0.00588222
0.00711945
0.00487816
0.00587789
0.00542194
0.00486681
0.00539106
0.00533248
0.00575023
0.0050733
0.004483
0.00487896
0.004964
0.00447296
0.00501383
0.00465671
0.00455483
0.00470534
0.00439306
0.00474878
0.00467877
0.00420675
0.00413794
0.00396519
0.00371413
0.0038233
0.00451649
0.0043223
0.00535459
0.00394143
0.0046567
0.0047743
0.00384755
0.00357904
0.00392794
0.00423853
0.00599854
0.00384856
0.00412338
0.0037893
0.00401511
0.00402779
0.00422262
0.00389844
0.00429864
0.00451545
0.00454772
0.00388811
0.00400762
0.00403216
0.00397905
0.00377211
0.00410107
0.00410602
0.00375279
0.00405639
0.00339649
0.00441494
0.00386688
0.00426088
0.00374986
0.00336156
0.00408655
0.00371076
0.00438777
0.00394583
0.00398478
0.00389554
0.00449513
0.00385996
0.00431333
0.00414101
0.00360032
0.00410727
0.00350989
0.00395252
0.00440615
0.00422306
0.00424443
0.00409982
0.00415921
0.00395993
0.00380646
0.00366388
0.0029773
0.00326161
0.00359487
0.00393892
0.00427055
0.00437893
