0.00757674
0.00618419
0.00615626
0.00604702
0.00566653
0.00562517
0.00584242
0.00577051
0.00572748
0.00536817
0.00650616
0.0056316
0.00580467
0.0058861
0.00544891
0.0055142
0.00716039
0.0063148
0.00534016
0.0053499
0.00519659
0.00563236
0.00605857
0.00635385
0.00608727
0.00605898
0.006051
0.00611153
0.00586148
0.00681533
0.00614233
0.00582424
0.00761685
0.00565183
0.00568511
0.00561863
0.00585166
0.00696679
0.00740203
0.0059109
0.00558422
0.00595441
0.0062451
0.00564737
0.00571781
0.00565687
0.00570074
0.00481866
0.00489014
0.00493179
0.00835609
0.004696
0.00487631
0.0047599
0.00494757
0.00503805
0.00522469
0.0050206
0.00505061
0.00590241
0.00632106
0.00519592
0.00556544
0.00633209
0.00523332
0.00479364
0.00502005
0.00518171
0.00512875
0.00483843
0.00545904
0.00410804
0.00432025
0.00699435
0.00561541
0.00428931
0.00434779
0.00425927
0.00423528
0.0040637
0.00390449
0.00404435
0.00405912
0.00385868
0.00370059
0.00408716
0.00380104
0.00417571
0.00374973
0.00393577
0.00404906
0.00422265
0.00469427
0.00442972
0.00447418
0.0045134
0.00498753
0.00513091
0.0047591
0.00505318
0.00500374
0.00503115
0.00473744
0.004683
0.00478872
0.00477111
0.00478583
0.00471359
0.00452683
0.00510039
0.00501952
0.00495539
0.00496303
0.00505039
0.00523489
0.00548409
0.00479203
0.00467897
0.00475933
0.00459301
0.00441224
0.00441329
0.00447956
0.00557523
0.00465736
0.00483755
0.00479942
0.00516391
0.00465353
0.00474143
0.00431921
0.00521239
0.00529224
0.00690325
0.00480983
0.00643919
0.00687026
0.0070105
0.00664565
0.00648479
0.0045862
0.00444631
0.00504448
0.00801541
0.00453978
0.00461727
0.00575507
0.00502749
0.00478677
0.00460804
0.00445669
0.00510777
0.00479252
0.00505726
0.00470762
0.0077591
0.00442327
0.00514389
0.00461781
0.00482969
0.00521448
0.00747836
0.00742682
0.00586898
0.00483376
0.00473581
0.00540619
0.00453678
0.00710069
0.00471175
0.00459585
0.00684163
0.00642915
0.00640342
0.00523038
0.0045171
0.00426123
0.00460304
0.00495097
0.00486266
0.0047605
0.00487429
0.0049083
0.00444845
0.0046003
0.00476703
0.0048196
0.00502691
0.00461093
0.00438651
0.00452097
0.00461834
0.00442134
0.00468505
0.00732338
0.00546273
0.00436021
0.00421712
0.00434477
0.00407589
0.0043609
0.00408695
0.00431644
0.00535944
0.00414937
0.00590906
0.00387151
0.00371739
0.0038788
0.00419735
0.00427839
0.00425763
0.00550355
0.00443529
0.0039707
0.00418951
0.00435893
0.00451743
0.00454229
0.00458962
0.00395502
0.00423011
0.00459098
0.00414486
0.00423732
0.00435324
0.00503185
0.00452807
0.00445366
0.00463258
0.00446097
0.00425134
0.00441395
0.00440721
0.00423562
0.00435772
0.00445341
0.00415556
0.00382744
0.00668412
0.00694343
0.00429032
0.00435297
0.00444155
0.00454587
0.00471809
0.00499625
0.0048003
0.00468689
0.00489006
0.00448953
0.00485212
0.0047921
0.00460179
0.0045177
0.00462325
0.00505474
0.00478669
0.00519377
0.00524557
0.00490224
0.00573833
0.00601229
0.00835544
0.008801
0.00900065
0.005709
0.00612131
0.00714809
0.00583127
0.00633764
0.00621448
0.00645511
0.00765208
0.0068442
0.00774454
0.0060397
0.00739235
0.00640161
0.00689719
0.00619292
0.00628603
0.00646262
0.00619561
0.00673297
0.00582578
0.00663959
0.00668174
0.00605973
0.00712665
0.00614578
0.00592805
0.00571409
0.00671671
0.0062748
0.00652599
0.00624008
0.00666118
0.00690195
0.00710431
0.00699558
0.0069379
0.00723088
0.00684144
0.00646262
0.00666904
0.00625973
0.00680521
0.00657167
0.00692415
0.00853191
0.0105942
0.00769583
0.00737145
0.00664132
0.00746886
0.00936252
0.00978363
0.00629687
0.00633254
0.00658592
0.00597894
0.00587614
0.00608923
0.0098461
0.00769994
0.00637894
0.00560854
0.00557724
0.00623633
0.0051992
0.00587301
0.00472776
0.00590117
0.00537014
0.00565325
0.00515836
0.00551868
0.00582621
0.00617976
0.00613547
0.00625306
0.00589206
0.00651127
0.00585537
0.00570043
0.00579881
0.00565211
0.00579081
0.00574265
0.00534769
0.00856502
0.00548987
0.00550023
0.00598713
0.00585599
0.00522643
0.00497538
0.00477473
0.00515349
0.00536586
0.00509857
0.00549095
0.00617223
0.00704903
0.00618891
0.00661258
0.0072491
0.00664418
0.00739918
0.00773806
0.0063203
0.0056292
0.00512821
0.00892059
0.00555748
0.00608797
0.00550704
0.0053497
0.0050697
0.00618148
0.00550524
0.00565264
0.00581522
0.00613412
0.00617239
0.00758524
0.00728861
0.00645965
0.00725112
0.00659719
0.00610877
0.00656869
0.00624665
0.00675843
0.00630525
0.00786392
0.00759379
0.00783142
0.00666638
0.00648754
0.00596408
0.00707803
0.00708697
0.00649588
0.00571799
0.0067053
0.00865496
0.0064429
0.00674903
0.00682311
0.00734857
0.00893357
0.00715926
0.00741409
0.00697365
0.00700295
0.00735346
0.00713407
0.006355
0.00919385
0.00890542
0.00651257
0.00718739
0.00673837
0.00585989
0.00626461
0.00766119
0.00656432
0.00662865
0.00655561
0.0085544
0.0069435
0.00773446
0.00773014
0.00643103
0.00616071
0.0064113
0.00693796
0.00694459
0.00669426
0.00573671
0.0058301
0.00541537
0.00554292
0.00609313
0.00556869
0.00560766
0.00560764
0.00547162
0.00571635
0.00528383
0.00595231
0.00773618
0.00619846
0.00719416
0.00572281
0.00608909
0.00657324
0.00578069
0.00566598
0.00622976
0.00646455
0.00522169
0.00558824
0.00476129
0.00484072
0.0062999
0.00551977
0.00508915
0.00568208
0.00462811
0.00564253
0.00518838
0.0056126
0.00473449
0.00610892
0.00542882
0.00538641
0.00592991
0.0054804
0.00790593
0.00474718
0.00497791
0.00487777
0.00479351
0.00524733
0.00464658
0.00559614
0.00414831
0.00410319
0.00420542
0.00456682
0.00500964
0.00485045
0.00460003
0.00390021
0.00398925
0.00446485
0.00417748
0.00441929
0.0047701
0.00448322
0.00464766
0.00385648
0.00372467
0.00319206
0.0039591
0.00394605
0.00364979
0.00398162
0.00387701
0.00378313
0.00322117
0.00380832
0.00385682
0.00340424
0.0039103
0.00345444
0.00312701
0.00331676
0.00302501
0.00333608
0.00327018
0.00478002
0.0030942
0.00303946
0.00219702
0.00221647
0.00242427
0.0029918
0.00218052
0.00243026
0.00247045
0.00274867
0.00263712
0.00295708
0.0026881
0.00213495
0.0030723
0.00524581
0.0044829
0.00399443
0.0036087
0.00350564
0.00292106
0.00298135
0.00318107
0.00295567
0.00336348
0.00315588
0.00355902
0.00379725
0.00342757
0.00427828
0.00496292
0.00424422
0.004184
0.00395646
0.00393691
0.00405056
0.00380239
0.00422943
0.00469675
0.00398168
0.00451822
0.00424237
0.0041823
0.00380754
0.0031696
0.00383495
0.00481305
0.00367264
0.00396586
0.00516014
0.00512055
0.00491278
0.00430616
0.0046592
0.00747591
0.00537429
0.00548397
0.005503
0.00711711
0.00545421
0.00565825
0.00617289
0.00676771
0.00649239
0.00746362
0.00621555
0.00696744
0.0068965
0.00521279
0.00606084
0.00650334
0.00571691
0.00508611
0.00460567
0.00595401
0.00590901
0.00730537
0.00769834
0.00700888
0.00619327
0.00599975
0.00573982
0.0070729
0.00597929
0.00516586
0.00630162
0.00626091
0.00612394
0.00664429
0.0062785
0.00611132
0.00575294
0.00573947
0.00585711
0.00624449
0.0056496
0.00599983
0.00531551
0.0056181
0.00560344
0.00690025
0.00612507
0.00734719
0.00638279
0.00749438
0.0072292
0.00678094
0.00639972
0.00655284
0.00655913
0.00731061
0.00670722
0.00672471
0.00705685
0.00643702
0.00713808
0.00562487
0.0069016
0.00789364
0.00695286
0.0062126
0.00611463
0.00673188
0.00645365
0.00644562
0.0065007
0.00663985
0.00617163
0.00509484
0.00588064
0.0056624
0.00508622
0.00523619
0.00588077
0.00595432
0.00714918
0.00627284
0.00645787
0.00601903
0.00527377
0.00530373
0.0057236
0.00525324
0.004489
0.00476395
0.00488028
0.00558295
0.00484792
0.00517991
0.00511464
0.00540326
0.00560148
0.00564315
0.0062188
0.00609935
0.0062681
0.00663694
0.0057998
0.00638812
0.00705042
0.00663384
0.00604475
0.00682745
0.00658878
0.00648391
0.00701086
0.00683352
0.00563781
0.00637304
0.00598477
0.0050933
0.00607361
0.00597123
0.00619884
0.00616316
0.00576804
0.00665557
0.00595594
0.0055229
0.00594521
0.00562932
0.00671121
0.00667812
0.00678539
0.00625274
0.00629273
0.00604803
0.00599788
0.0065018
0.00578166
0.00666498
0.00608844
0.00631351
0.00607652
0.00646452
0.00662928
0.00574789
0.00659945
0.00598462
0.00526429
0.00501928
0.00508241
0.00572714
0.00538617
0.00520137
0.00562321
0.00563829
0.00572909
0.00534238
0.00667852
0.00555119
0.00581313
0.00513361
0.00491985
0.00553842
0.00573676
0.00548484
0.00484248
0.00507024
0.00543721
0.00746698
0.00581848
0.0063134
0.00592494
0.00573789
0.00591228
0.00488929
0.00454669
0.00539416
0.00466383
0.00536685
0.00489624
0.00486974
0.00565137
0.00519304
0.00519967
0.00509774
0.00558341
0.00500414
0.00552949
0.00570407
0.00546384
0.00625733
0.00607567
0.00580427
0.0053167
0.00505513
0.00453164
0.00560175
0.00540469
0.00540002
0.00538367
0.00617541
0.00539012
0.00479446
0.00479024
0.00476851
0.00506715
0.00485195
0.00534771
0.00852196
0.00446097
0.00486968
0.00469759
0.00487137
0.00552101
0.00551093
0.0052794
0.00559213
0.00524021
0.00589615
0.00607462
0.00581334
0.00564958
0.00510581
0.00582083
0.0058086
0.00541042
0.00514701
0.00551025
0.00521656
0.00534131
0.00571671
0.0057733
0.00518511
0.00524399
0.00688652
0.00530133
0.00533349
0.00511652
0.00663593
0.00550086
0.00559426
0.00486113
0.00482872
0.0052202
0.00468864
0.00688656
0.00523007
0.00502715
0.00654202
0.00494358
0.0043627
0.00503509
0.00526422
0.00586651
0.00570694
0.00473711
0.00518679
0.00471495
0.00469834
0.00643606
0.00729159
0.00495557
0.00598879
0.00470946
0.00519142
0.00597617
0.00518147
0.0055786
0.00542833
0.00500195
0.00515288
0.00594985
0.00707413
0.00529372
0.00495839
0.00469571
0.00437782
0.00439646
0.00460724
0.00575081
0.00472115
0.00540881
0.00654779
0.0062587
0.00704452
0.00614758
0.00917038
0.00575597
0.0042273
0.00491267
0.00579611
0.0056369
0.00623834
0.00511982
0.00573428
0.00617834
0.00563719
0.0053895
0.00599514
0.00546366
0.00592764
0.00661741
0.00510291
0.00546164
0.00733034
0.00577241
0.00564324
0.00519534
0.00471673
0.00533557
0.00595334
0.00613767
0.00598556
0.00528513
0.0047021
0.00552562
0.00506987
0.00531239
0.00709329
0.00590011
0.00627681
0.00543495
0.00533081
0.00686101
0.00627213
0.00515387
0.0095264
0.00512467
0.00460008
0.00505798
0.00574294
0.00607883
0.00521424
0.00536375
0.00561231
0.00507284
0.0049282
0.00483446
0.00473006
0.00540537
0.00517411
0.005047
0.00567356
0.00553442
0.00521156
0.00556842
0.00567518
0.00580678
0.00541953
0.00571365
0.00524428
0.00481339
0.00441758
0.00438717
0.00473714
0.00498171
0.00464449
0.00487741
0.0052644
0.00611074
0.00625944
0.00550758
0.005806
0.00561411
0.00530218
0.00539075
0.00502972
0.00496121
0.00455799
0.00465322
0.00483993
0.00552154
0.00562262
0.00549425
0.004996
0.00551874
0.00534211
0.00542378
0.00824817
0.00591473
0.00796914
0.00553109
0.00501587
0.00546257
0.00527455
0.00717056
0.00773901
0.00625456
0.00619321
0.00639966
0.00571109
0.00529794
0.0055079
0.00616552
0.00703082
0.00666492
0.0061603
0.00725323
0.00692654
0.0063527
0.00676842
0.00647741
0.00676811
0.0061926
0.00643791
0.00857043
0.00783593
0.00671261
0.00583244
0.00832487
0.00776413
0.00756072
0.00673805
0.0067015
0.00636755
0.00615498
0.00619017
0.00557904
0.00593513
0.00663186
0.00650149
0.00632235
0.0062199
0.00637587
0.00613056
0.00741723
0.00863588
0.00987386
0.00754913
0.00700527
0.00694505
0.00670991
0.00638888
0.00864063
0.00827589
0.00895507
0.00654874
0.00722627
0.00661088
0.011293
0.0106779
0.00792801
0.00740252
0.00732412
0.00627793
0.00612055
0.00669179
0.00756559
0.00798388
0.00886012
0.0058849
0.00580098
0.00618555
0.00637533
0.00869304
0.00685918
0.00675438
0.00757992
0.0070151
0.00706482
0.00632357
0.00847975
0.00665379
0.00681696
0.0073755
0.00620675
0.00605542
0.0065696
0.00595113
0.00759954
0.00748199
0.00606681
0.00595129
0.00658348
0.00636668
0.00618242
0.00598932
0.00609451
0.00593434
0.00692191
0.00657681
0.00597905
0.00632933
0.00579191
0.00658844
0.00648364
0.00718407
0.0095913
0.00603864
0.00695314
0.0058482
0.00590134
0.00588751
0.00559763
0.00955972
0.00524771
0.00528222
0.00553369
0.0059255
0.00550048
0.00646619
0.00707092
0.00831881
0.00681068
0.00646844
0.00927853
0.00963969
0.00652845
0.00780422
0.00594661
0.00628069
0.00643579
0.00492996
0.00664685
0.00536306
0.00568111
0.00562388
0.00599442
0.00559485
0.00570665
0.00536591
0.00574146
0.00609733
0.00591485
0.00609641
0.00611591
0.00621429
0.00660053
0.0060526
0.00656809
0.00619292
0.00582755
0.00600589
0.00610426
0.00598782
0.00691937
0.00592935
0.00638775
0.00586938
0.00582624
0.00615077
0.00605287
0.00676141
0.00659808
0.00652999
0.00627174
0.00624554
0.00594969
0.00615301
0.00636813
0.00639681
0.00635659
0.00619784
0.00568203
0.00633168
0.0060929
0.00685334
0.00576768
0.00541852
0.00620348
0.00628025
0.00560696
0.00560926
0.00596168
0.00561117
0.00539444
0.00578754
0.00592376
0.00582749
0.00565321
0.00583848
0.00588478
0.00609536
0.00568665
0.00558188
0.00553746
0.00536047
0.00617392
0.00641541
0.00678339
0.00674613
0.00694547
0.00674613
0.00620804
0.00644502
0.00592299
0.00574559
0.00689853
0.00543612
0.00540898
0.00993457
0.0060273
0.00585296
0.00609695
0.00572201
0.00547059
0.00586513
0.00533903
0.00524442
0.00469162
0.00503852
0.00562708
0.00514993
0.00631127
0.00558732
0.00595583
0.00578505
0.00573753
0.00549814
0.00568882
0.00533276
0.00458343
0.00549868
0.00486752
0.00461976
0.00446898
0.00511672
0.00459694
0.00436708
0.00434229
0.00410985
0.00495315
0.00459475
0.004322
0.00400004
0.00573226
0.00492582
0.00513555
0.00472783
0.00521166
0.00537338
0.00535118
0.00602543
0.00577203
0.00537288
0.00529351
0.00493405
0.0048182
0.00449076
0.00506302
0.00563662
0.00569862
0.00509024
0.00595895
0.00566223
0.00557154
0.00464243
0.00507956
0.00506137
0.00595931
0.00627973
0.00652771
0.00586541
0.00582912
0.00547415
0.00531924
0.00552007
0.00579215
0.00562009
0.00543301
0.00540793
0.00545971
0.00540274
0.00526286
0.00575098
0.00574291
0.00561037
0.0048151
0.00505644
0.00499655
0.00573839
0.00590147
0.00530109
0.00557059
0.00582184
0.00587194
0.00561366
0.00609856
0.00662186
0.00619886
0.00563204
0.00582764
0.00518126
0.00621061
0.00582698
0.00511507
0.00509828
0.00519123
0.00575825
0.00541459
0.00573611
0.00594196
0.00882764
0.00523637
0.00496099
0.00505663
0.00565977
0.00549654
0.00547979
0.00520884
0.00616285
0.00611307
0.00609918
0.00548646
0.00560719
0.00549776
0.0061551
0.00561512
0.00554074
0.00530522
0.00647132
0.0056128
0.00570706
0.005746
0.0064504
0.00492492
0.00599171
0.0056391
0.00616758
0.00598437
0.0053202
0.00573059
0.00525313
0.00571269
0.00540128
0.00534775
0.00615679
0.0060335
0.00667264
0.00582292
0.00776028
0.00626855
0.00675331
0.00660001
0.00622837
0.00604932
0.00560693
0.00579674
0.00610162
0.00612784
0.00649013
0.00621993
0.00644638
0.00637868
0.00580514
0.00674936
0.00536159
0.00634794
0.00583315
0.00520182
0.0051927
0.004965
0.00561836
0.00572899
0.00591272
0.00583112
0.00570788
0.00595609
0.00526431
0.00575682
0.00524494
0.00496305
0.00568178
0.0049382
0.00511821
0.0048052
0.00509313
0.00476668
0.00593558
0.00514318
0.00558915
0.00523951
0.00540693
0.00591726
0.00604379
0.00607755
0.00608516
0.00628629
0.00651762
0.00563518
0.00656927
0.00608416
0.00630065
0.00515194
0.00573021
0.0061008
0.00643714
0.00586379
0.0067095
0.00685685
0.0062851
0.00661719
0.00706522
0.00720405
0.00867767
0.00691414
0.00636765
0.00553905
0.00656125
0.00564536
0.00622468
0.00602522
0.00551879
0.00553675
0.00571133
0.00587129
0.00627909
0.00585952
0.00601956
0.0057903
0.00676866
0.00626186
0.00715581
0.00613085
0.00620782
0.00626846
0.00609774
0.00607303
0.00619387
0.00624358
0.00551732
0.00759015
0.00799874
0.00603512
0.00591688
0.00654748
0.00629555
0.00693637
0.00590794
0.00789777
0.00861461
0.00877278
0.00640877
0.00766907
0.00782589
0.00736318
0.00780892
0.00824535
0.00759787
0.00983791
0.00888028
0.0108194
0.0104475
0.00983953
0.0105979
0.0101374
0.00835956
0.00741499
0.00706633
0.00640723
0.0066634
0.00619285
0.00699418
0.00632585
0.00564815
0.00562844
0.00567807
0.0053988
0.00578367
0.0057433
0.00546206
0.00590153
0.00547177
0.00537883
0.00645518
0.006381
0.0060709
0.00647951
0.0067858
0.00654556
0.00620832
0.00648288
0.00607784
0.00592228
0.00509488
0.00548446
0.00499872
0.0059941
0.00649562
0.00609202
0.00593118
0.00509938
0.00577822
0.00595727
0.00629587
0.00607581
0.00563011
0.00625138
0.0061773
0.00590656
0.00525564
0.00565024
0.00628324
0.00635152
0.00570842
0.00591449
0.00581577
0.00539806
0.00510907
0.00583938
0.00491056
0.00531558
0.00560756
0.00667672
0.00551043
0.00542463
0.00552282
0.00581973
0.00544931
0.00570089
0.00549447
0.00497525
0.00463639
0.00493482
0.0051339
0.00469278
0.00493586
0.00509105
0.00565656
0.00566918
0.00484433
0.00478787
0.00445768
0.00460018
0.00459611
0.00433838
0.00431388
0.00453988
0.00437817
0.00480255
0.00434632
0.00424949
0.00475088
0.00441349
0.00489624
0.0044561
0.00425439
0.00447989
0.00441173
0.0046511
0.00507784
0.00493488
0.00486648
0.00449889
0.00488777
0.00463015
0.00614092
0.0038262
0.00531138
0.00518367
0.00500347
0.00557502
0.0038665
0.00411323
0.00483648
0.00466062
0.00454552
0.00407303
0.00449356
0.00493797
0.00694746
0.00483444
0.005035
0.00546373
0.00519721
0.00493564
0.00541503
0.00437317
0.00439988
0.00408901
0.0044048
0.00401445
0.003789
0.00513453
0.00391879
0.00376512
0.0033263
0.00342008
0.00369552
0.0034271
0.0039883
0.00379512
0.00424911
0.0033535
0.00420162
0.00441281
0.00363651
0.00342811
0.00336037
0.0031523
0.00309749
0.00318079
0.00423182
0.00329421
0.00314747
0.00395106
0.00293695
0.00334367
0.00294028
0.0027399
0.00278367
0.00312685
0.00298979
0.00325192
0.00356502
0.00419389
0.00436707
0.00376997
0.00368978
0.00403918
0.00375293
0.00365155
0.00318494
0.00287512
0.00292776
0.00335042
0.00318604
0.00355007
0.00372312
0.00382324
0.00358313
0.00321549
0.0035495
0.0030807
0.00249284
0.00258465
0.00275197
0.00310875
0.00316013
0.00343843
0.00304118
0.00322443
0.00312756
0.00502903
0.00299082
0.002648
0.00261588
0.00286822
0.00255124
0.00270361
0.0028588
0.00264538
0.00276802
0.00285194
0.00219453
0.00469238
0.00233489
0.00281109
0.00318238
0.00328964
0.00325654
0.0032634
0.00296212
0.00335413
0.00406046
0.00388443
0.00368337
0.00358141
0.00375012
0.00386334
0.00387634
0.00404705
0.003822
0.00343913
0.0032661
0.00334596
0.00334771
0.00383661
0.00672225
0.00398385
0.00432934
0.00405402
0.00437277
0.00454418
0.00551195
0.00387344
0.0039803
0.00400019
0.00382583
0.00416315
0.00422346
0.00407053
0.00401441
0.00425164
0.00626543
0.00437299
0.00480699
0.00443472
0.00453642
0.00411326
0.0043149
0.00461762
0.00445792
0.00502356
0.00440147
0.00402237
0.0043807
0.00403753
0.00413576
0.00413411
0.0045757
0.00424333
0.00443157
0.00483153
0.00467678
0.00507078
0.0061745
0.00653275
0.00578554
0.00585508
0.0051802
0.00503544
0.00562662
0.00505756
0.00522528
0.00534686
0.0049237
0.00538534
0.00557928
0.00527451
0.00508446
0.00513984
0.00585256
0.00549766
0.00614874
0.00580718
0.0053547
0.00556743
0.00573114
0.00701976
0.00538646
0.00522468
0.00573708
0.00584637
0.00568621
0.00531754
0.00586983
0.00561748
0.00485981
0.00506783
0.00513936
0.00464689
0.00493193
0.00472707
0.00474971
0.00486595
0.00493181
0.00457819
0.0099434
0.00868984
0.00642045
0.00758639
0.00728461
0.00578683
0.00467143
0.0050446
0.00550738
0.00534749
0.00539401
0.00519715
0.00478516
0.00634337
0.00495933
0.0071005
0.00615604
0.00517574
0.00510917
0.00509901
0.00544539
0.00454283
0.00514131
0.00462168
0.00555572
0.0055848
0.00505485
0.00594084
0.00550079
0.00505431
0.00495097
0.00516602
0.00482165
0.00528947
0.0055099
0.00583456
0.00569363
0.00585983
0.00584663
0.0057486
0.00678967
0.00556213
0.00690105
0.00682227
0.00662086
0.00707203
0.00572631
0.00617998
0.00589303
0.00562274
0.00615682
0.0062502
0.00582233
0.00557653
0.00626393
0.00590934
0.00697094
0.0056752
0.00578927
0.00655584
0.007016
0.00560291
0.00541143
0.00519292
0.00561265
0.00627984
0.00569298
0.00556056
0.00600746
0.00549814
0.00574036
0.00556
0.00553186
0.00570509
0.00586304
0.00612425
0.00619342
0.00622013
0.00661309
0.00610316
0.00637555
0.0056494
0.00627075
0.00626239
0.00582853
0.00824023
0.00614899
0.00616504
0.00555522
0.00565142
0.00556279
0.00558991
0.00607673
0.00633125
0.0058556
0.00803423
0.00612584
0.00634318
0.0100447
0.0100917
0.00724295
0.0059361
0.00582903
0.00588533
0.00583697
0.00609559
0.00616788
0.00600223
0.00625667
0.00592005
0.00648761
0.00608458
0.00600932
0.00610861
0.00598153
0.00616146
0.00613854
0.00588974
0.00627325
0.00586788
0.00596736
0.00621164
0.00657988
0.00615917
0.00614718
0.00611046
0.00599945
0.00627279
0.00627302
0.00783815
0.00816929
0.00864868
0.00945401
0.00870984
0.00632574
0.00589569
0.00650027
0.00607191
0.0057846
0.00607639
0.00582538
0.00573042
0.00666116
0.00577118
0.00690958
0.00622025
0.00657893
0.00592752
0.00590091
0.00532211
0.00613506
0.00627565
0.0076636
0.00616107
0.00645444
0.00640628
0.0102764
0.00748296
0.00674577
0.00651397
0.00601162
0.00571167
0.005947
0.0079025
0.00634126
0.00646394
0.00620156
0.00688375
0.0104164
0.0101584
0.00580254
0.0072545
0.00580127
0.00614765
0.00607494
0.00632566
0.00606185
0.00641238
0.0062201
0.0062161
0.00624024
0.00610921
0.00633248
0.00614491
0.00624448
0.00669161
0.00659264
0.00706655
0.00795182
0.00630697
0.00610522
0.00624353
0.0063117
0.00742606
0.00606626
0.00630454
0.00775063
0.00610602
0.00630218
0.00674735
0.00615196
0.00619961
0.0063767
0.00639252
0.00615369
0.00599259
0.00608995
0.00559252
0.00632512
0.0060083
0.00599377
0.00627497
0.00639595
0.00614391
0.00643976
0.00603981
0.00622717
0.00653741
0.00627331
0.00630308
0.00658876
0.00665892
0.00601006
0.00647104
0.00633066
0.0062776
0.00638812
0.00638302
0.00633559
0.00857476
0.00634634
0.00719019
0.00613973
0.00620164
0.00617883
0.00547522
0.00567933
0.00624768
0.00689571
0.0062539
0.00630256
0.00596427
0.00629992
0.00604065
0.00763573
0.00650205
0.0056242
0.0067442
0.00603384
0.00751485
0.00598104
0.00583662
0.00615057
0.00584376
0.00594998
0.00622615
0.00565989
0.00598243
0.00599139
0.00590188
0.005986
0.00577935
0.00624494
0.00582028
0.00793135
0.00597309
0.00764818
0.005945
0.0063279
0.00624028
0.00563536
0.00586293
0.00553444
0.00614359
0.00627625
0.00605324
0.00624231
0.0061182
0.00634373
0.00624013
0.00819285
0.00657085
0.00884913
0.00746547
0.00947717
0.00635061
0.00680284
0.0061275
0.00636696
0.00962088
0.0100057
0.00659781
0.00702203
0.00602367
0.0065769
0.00673848
0.00646922
0.00667774
0.00667302
0.00625629
0.00774995
0.00645252
0.00902088
0.00676415
0.00796618
0.00792219
0.00799893
0.00627789
0.00608766
0.00601386
0.00568052
0.00616416
0.00571504
0.00627648
0.00639078
0.0062394
0.00626368
0.00750388
0.00655705
0.00664937
0.00679775
0.00844504
0.00801269
0.0066426
0.00659208
0.00588537
0.00624417
0.00619344
0.0062047
0.00700043
0.00655106
0.00617026
0.00625011
0.00617866
0.00632027
0.00570947
0.00642771
0.00590208
0.00586909
0.00583173
0.00613213
0.00636259
0.00606055
0.00612348
0.00624239
0.00571061
0.00599045
0.00562073
0.00611843
0.00603357
0.00594825
0.0065886
0.00662104
0.00606784
0.00580777
0.00612935
0.00598371
0.00597837
0.00679763
0.0059597
0.0061689
0.00581946
0.0061854
0.00543388
0.00575133
0.00581622
0.00571864
0.0059723
0.00563594
0.00647545
0.00604882
0.00610319
0.00574113
0.00595182
0.00627776
0.00905539
0.0092522
0.00883138
0.00948102
0.00565802
0.00568341
0.00590955
0.00580696
0.00834511
0.00802959
0.00815474
0.00570831
0.00578283
0.00594084
0.00599336
0.00574618
0.00593748
0.00547635
0.00560497
0.00588073
0.0053886
0.00525591
0.00558698
0.00527214
0.00581073
0.00582874
0.00606561
0.00556726
0.00530731
0.00530146
0.00524
0.00688649
0.00738979
0.00805154
0.00561695
0.00788834
0.00779704
0.00703796
0.00546049
0.00582582
0.00603774
0.00576238
0.00573081
0.00725286
0.00697951
0.00678529
0.00624549
0.0061249
0.00619385
0.00614163
0.00665311
0.00778037
0.00646511
0.00681771
0.00774616
0.00766165
0.00740589
0.00718415
0.00683557
0.0082227
0.00924051
0.00683126
0.00669616
0.00704351
0.0074624
0.009626
0.00705462
0.00685039
0.00740889
0.00723958
0.00687917
0.00653786
0.00616806
0.00729378
0.00708329
0.00752669
0.00702932
0.00644805
0.00723433
0.00638739
0.0068139
0.00883647
0.00642474
0.00661486
0.00838547
0.00675348
0.00699499
0.00669119
0.00662502
0.0071251
0.00684696
0.00729691
0.00711597
0.00731728
0.00786443
0.00779818
0.00784914
0.007223
0.00785599
0.00766374
0.00953394
0.00737499
0.00738125
0.00788619
0.0100858
0.00767403
0.00749717
0.00911257
0.00799486
0.00767868
0.00772669
0.00782429
0.00753737
0.00704477
0.00897737
0.00815979
0.00769652
0.00807375
0.00729395
0.00800624
0.00708625
0.00673194
0.0073965
0.00813949
0.00744077
0.00745812
0.00715429
0.0072443
0.00699778
0.00728732
0.00741937
0.00729721
0.00756581
0.00705799
0.00755654
0.00724586
0.00743666
0.00693233
0.0069561
0.00684715
0.0071509
0.00751991
0.00710984
0.00719597
0.00695593
0.00663562
0.00651158
0.00662713
0.00637255
0.00719569
0.00738405
0.00718654
0.00751991
0.0073745
0.00699473
0.00737032
0.00696432
0.00747009
0.00698376
0.00960072
0.0100387
0.0106687
0.0105112
0.0103562
0.00754554
0.00751069
0.0070248
0.00767225
0.00747009
0.00773464
0.00719659
0.00753571
0.00724294
0.00715406
0.00677485
0.00723788
0.00709288
0.00709848
0.00750073
0.00726154
0.00732806
0.00723628
0.00699285
0.011663
0.00735054
0.00730533
0.00750461
0.00697619
0.00750152
0.00722537
0.00733489
0.00716374
0.00720856
0.00739572
0.00699079
0.00714916
0.00684891
0.00727063
0.00719684
0.0121148
0.00775153
0.00776847
0.00706549
0.00997475
0.00795112
0.00705615
0.00749333
0.00887954
0.007694
0.0077743
0.00823887
0.00792907
0.00880413
0.00936702
0.00805282
0.0079478
0.00782373
0.00754834
0.0088769
0.0081861
0.00949612
0.00956052
0.00817716
0.00813371
0.00788555
0.00817511
0.0071879
0.00811951
0.00686925
0.0088676
0.00718558
0.00727173
0.00826601
0.00719745
0.0068692
0.00782796
0.00696652
0.00675061
0.00747418
0.00906256
0.00762922
0.00630682
0.00766442
0.00733116
0.00679033
0.00681002
0.0095773
0.00671891
0.00813577
0.00648436
0.00689022
0.00822095
0.00722286
0.00642342
0.00817235
0.00640594
0.00616422
0.00714231
0.00767236
0.00666705
0.00659524
0.00643397
0.00772885
0.00611746
0.00590102
0.00671536
0.00820537
0.0060558
0.00648735
0.00620593
0.00787892
0.00605847
0.00597876
0.00691212
0.0077623
0.00625815
0.00640786
0.00685892
0.00845392
0.0064024
0.00560893
0.00641785
0.00612393
0.00588218
0.00589477
0.0059723
0.00646569
0.00632877
0.00614962
0.00640399
0.00676448
0.00640797
0.00664673
0.00666499
0.00698633
0.00665803
0.00679694
0.00652867
0.00575335
0.00605197
0.0064457
0.00651742
0.00636975
0.00631903
0.00641277
0.0087417
0.00595333
0.00681115
0.00720727
0.00640932
0.00691153
0.00786666
0.00635603
0.00590395
0.00846901
0.00640649
0.00636516
0.0058971
0.00599096
0.00592129
0.00603315
0.00646135
0.00571891
0.00606621
0.00564461
0.00613868
0.00632252
0.00692333
0.00612311
0.00605844
0.00674919
0.00646337
0.00653658
0.0068461
0.00689503
0.00689536
0.00650477
0.00687293
0.00694253
0.00643652
0.00677181
0.00660161
0.00630327
0.00701762
0.00736133
0.00703955
0.00724758
0.00740382
0.00688979
0.00840039
0.00643182
0.00666506
0.00699374
0.00682675
0.0063623
0.00628419
0.00639654
0.00618015
0.0065924
0.00709013
0.00632454
0.00613762
0.00586745
0.00640436
0.00785854
0.00613928
0.00600971
0.00610166
0.00603587
0.00627332
0.00702244
0.00663505
0.00644234
0.00643364
0.00698964
0.00661585
0.00668445
0.00673885
0.00671738
0.0066041
0.0069377
0.00669005
0.00680788
0.00678588
0.00694759
0.00654634
0.00739851
0.00726589
0.00774206
0.00798306
0.00758689
0.00778998
0.00965692
0.00759489
0.00760213
0.00882601
0.00730376
0.00727139
0.00901186
0.00791463
0.00783695
0.00791942
0.00727806
0.0075437
0.00749197
0.00667862
0.00718304
0.00682548
0.00720081
0.00714917
0.00698366
0.00756287
0.00675367
0.00710083
0.00708118
0.00673983
0.00668002
0.00667124
0.00633929
0.00695553
0.00657877
0.00623536
0.00656695
0.0066627
0.00669659
0.0062733
0.00637067
0.00681943
0.00770952
0.00782274
0.00707324
0.00847805
0.00720196
0.00767201
0.00762823
0.00744362
0.00804619
0.00758484
0.0074429
0.00788124
0.00766959
0.00763544
0.00728575
0.00735199
0.00727626
0.00721473
0.00710874
0.00722818
0.0072995
0.00708938
0.00718557
0.00707242
0.00676873
0.011113
0.00639533
0.0066763
0.00740627
0.00715095
0.00706564
0.0071456
0.00602354
0.00690287
0.00703814
0.0072306
0.0109682
0.00658893
0.00704986
0.00741985
0.00748983
0.00714805
0.00744046
0.00793245
0.0080861
0.00815121
0.0136364
0.00721407
0.00849202
0.00724471
0.0072821
0.00724687
0.00752475
0.00918751
0.008141
0.00768805
0.00800017
0.0068213
0.00706397
0.0066219
0.00674183
0.00694524
0.00744474
0.00723187
0.00706042
0.00687782
0.00708578
0.00711271
0.00794646
0.0112207
0.0073992
0.00872425
0.00748957
0.00766815
0.00682009
0.00680969
0.00789636
0.0069456
0.00691442
0.00651266
0.00722124
0.00736976
0.00770636
0.00728219
0.00688615
0.00676674
0.00720285
0.00691264
0.00724722
0.00649571
0.00659596
0.00674994
0.00662963
0.0065452
0.00712609
0.00656348
0.00683899
0.00705004
0.00691177
0.00696333
0.00699509
0.00701933
0.0061749
0.00663548
0.00601683
0.00654553
0.00683487
0.00640824
0.00636041
0.00662212
0.00608458
0.00651456
0.00620295
0.00614402
0.00605064
0.00630688
0.00626505
0.00655085
0.00660518
0.00636128
0.00658873
0.00695407
0.00700424
0.00670053
0.00680652
0.00717611
0.00698428
0.00678492
0.00695037
0.00641848
0.00663467
0.00678361
0.00719411
0.00632951
0.00672084
0.00674335
0.00703235
0.00660185
0.00637007
0.00681935
0.00674597
0.00680697
0.00666808
0.00644753
0.00634867
0.0058538
0.00649406
0.00656351
0.00655478
0.00630033
0.00630746
0.00670063
0.00653033
0.00677119
0.0070308
0.00670255
0.0062976
0.00628763
0.00648935
0.00735858
0.00644136
0.00638313
0.00752646
0.00636448
0.00618343
0.00623328
0.00637249
0.0102892
0.00800467
0.00639156
0.00654978
0.00624556
0.00631635
0.00633153
0.0065368
0.00674071
0.00699063
0.00667304
0.00664231
0.00704767
0.00679532
0.00669669
0.00695668
0.00672306
0.00678095
0.00666123
0.00631181
0.00600972
0.00669038
0.00648721
0.00622288
0.00616063
0.00645923
0.00620771
0.00625172
0.00688273
0.00644807
0.0069091
0.00657307
0.00628759
0.00649806
0.00649811
0.00624703
0.00662717
0.0064668
0.00652297
0.00648392
0.00635296
0.00596809
0.00658052
0.00599308
0.00684543
0.00643172
0.00739174
0.00632499
0.00850858
0.00723027
0.00951928
0.00886424
0.00896099
0.00912417
0.00902732
0.00904813
0.00957458
0.00960527
0.00747903
0.00607827
0.00626827
0.00613588
0.00651035
0.00617054
0.0062075
0.00634854
0.00627581
0.00613296
0.00663462
0.00694346
0.00588815
0.0062012
0.00590645
0.00614192
0.00583077
0.00624116
0.00587624
0.00612216
0.00587509
0.00601689
0.00608815
0.00614382
0.00627923
0.00592546
0.00601369
0.00583327
0.0055553
0.00567705
0.00601914
0.00576579
0.00631221
0.00601212
0.00600799
0.00579813
0.00590233
0.00590256
0.00620676
0.00618202
0.00691497
0.00614479
0.00674458
0.00607344
0.00651165
0.00624979
0.00639691
0.00611019
0.00578384
0.00608355
0.00586815
0.00616497
0.00586492
0.00641972
0.00616514
0.0063602
0.00582016
0.00622617
0.00566548
0.00649268
0.0060976
0.00627544
0.00660327
0.00578828
0.00649042
0.00591269
0.00597418
0.00610598
0.00573892
0.00560057
0.00654288
0.0061315
0.00644306
0.00579187
0.00619313
0.00603021
0.00620682
0.0060581
0.0058382
0.00604313
0.00569917
0.00579084
0.00586775
0.00590966
0.00632722
0.00627947
0.00618336
0.00649604
0.00630129
0.00590698
0.00575265
0.00630255
0.00584604
0.00639872
0.00575383
0.00606016
0.00672997
0.00641477
0.0063766
0.005895
0.00621325
0.00568387
0.00635734
0.00750957
0.00617267
0.00803455
0.00614702
0.00610324
0.00678489
0.00599106
0.00560839
0.00610127
0.00620506
0.00624286
0.0068717
0.00707251
0.00608329
0.00654097
0.00629647
0.00606125
0.00603171
0.00867709
0.00632206
0.00625461
0.00610888
0.00634191
0.00632911
0.00640497
0.00594204
0.00627891
0.00629948
0.00620938
0.00621647
0.00615322
0.00757495
0.0063299
0.00950122
0.00944481
0.00561466
0.00620941
0.00627354
0.00615094
0.00590635
0.00689425
0.00767581
0.0063651
0.00657971
0.00684684
0.00683636
0.00621551
0.00718475
0.0060165
0.00627797
0.00627581
0.0061375
0.00711422
0.00629781
0.00603367
0.0059763
0.00567584
0.00746502
0.006448
0.00641598
0.00680518
0.00644601
0.00618842
0.00618609
0.00762793
0.00713481
0.00626034
0.0060673
0.00866951
0.00915075
0.00894759
0.00861375
0.00922817
0.00888045
0.00571532
0.00629861
0.00623109
0.00629808
0.0068865
0.00624614
0.006721
0.00649329
0.00610201
0.00660438
0.00637837
0.00839478
0.00918985
0.00735925
0.00622485
0.00619914
0.00611842
0.00927447
0.00620603
0.00630359
0.00661265
0.00611394
0.00614085
0.00643034
0.00636182
0.006164
0.00616145
0.00618388
0.00644352
0.00579567
0.00573354
0.00610892
0.00567063
0.00588403
0.00611029
0.00619842
0.00593546
0.00816972
0.00611749
0.00650615
0.00636093
0.00630433
0.00655987
0.00750783
0.00623292
0.00645901
0.00595606
0.00617066
0.00594293
0.00634621
0.00603866
0.00626192
0.0057665
0.00649229
0.00630016
0.00605082
0.00636183
0.00639752
0.00582408
0.00596218
0.0060782
0.00657897
0.00612395
0.00615517
0.00680113
0.00649796
0.00665155
0.0101241
0.00662837
0.00585997
0.00577819
0.00641624
0.0064691
0.00599097
0.00605506
0.0059802
0.00624082
0.00546566
0.00608564
0.0057998
0.00688186
0.00592041
0.00624085
0.00577756
0.00613354
0.00578307
0.00526107
0.00618002
0.00596781
0.00561336
0.00635568
0.00596411
0.00567554
0.00583899
0.00714767
0.00618919
0.00613842
0.00622777
0.00596567
0.00587513
0.00576305
0.00630554
0.0065938
0.00613451
0.00746897
0.00612165
0.00639026
0.00691221
0.00743849
0.00606067
0.00596587
0.00612686
0.00723871
0.00635235
0.00904956
0.00776157
0.00618058
0.00664427
0.00633195
0.0080952
0.00738242
0.00769194
0.00621941
0.00643724
0.00625878
0.00633626
0.00624364
0.00664432
0.00653493
0.00621035
0.00655634
0.00624839
0.00689649
0.00659988
0.00607929
0.0064802
0.00659581
0.00615122
0.00646591
0.00714263
0.00752016
0.00646899
0.00672753
0.00616276
0.00595596
0.00595881
0.00635397
0.00631195
0.00638715
0.00622832
0.00650211
0.00643116
0.00882247
0.00627281
0.00652345
0.00914552
0.00656566
0.00662028
0.00646018
0.00863259
0.00661917
0.00910016
0.0073555
0.0113468
0.00710445
0.00669676
0.00654273
0.00669652
0.00636136
0.00809354
0.00779719
0.00634538
0.00657622
0.00688075
0.00676702
0.00623237
0.00613894
0.00628432
0.00647515
0.0064754
0.00624237
0.00691307
0.00676435
0.00769163
0.00691618
0.00594637
0.00618078
0.00632662
0.00635556
0.00604128
0.00640798
0.00617661
0.00620114
0.00614195
0.00589938
0.00618242
0.00623758
0.00609605
0.00618721
0.00618436
0.00629883
0.00596367
0.0062531
0.00623197
0.00606113
0.00620478
0.00623737
0.00660071
0.00602929
0.0062328
0.00627915
0.00639406
0.00648951
0.00649102
0.00653634
0.00553897
0.00636738
0.00654211
0.00606051
0.00569982
0.00652198
0.00648741
0.00645183
0.00641455
0.00671224
0.00759748
0.00577191
0.00625079
0.00692308
0.00617107
0.00620865
0.00626103
0.00666395
0.00641028
0.00645467
0.00645831
0.0065703
0.00628378
0.00576382
0.00650053
0.00603366
0.00621766
0.00590551
0.00619686
0.00633781
0.00602843
0.00598679
0.00626472
0.00602746
0.00607765
0.00612341
0.00599956
0.00607568
0.00651197
0.00611427
0.00621437
0.00604856
0.00623024
0.0061968
0.00636052
0.00620823
0.00591722
0.00577762
0.00547755
0.0059471
0.00611374
0.00636774
0.00628796
0.00622361
0.00632249
0.00613011
0.00665816
0.00587371
0.00599512
0.00591641
0.00666312
0.00580928
0.00626655
0.0062157
0.00603419
0.00607688
0.00732952
0.00766376
0.00587779
0.0068153
0.00584994
0.00677459
0.00691251
0.00589627
0.00600435
0.00658156
0.00608238
0.00607089
0.00614349
0.00683912
0.00576679
0.00771569
0.00752781
0.00806773
0.00832204
0.00617972
0.00640229
0.0062826
0.00599795
0.00696112
0.00602232
0.00604823
0.00610813
0.00635821
0.00578004
0.00590769
0.00628767
0.0058225
0.00643315
0.00593774
0.00605074
0.00577627
0.00607734
0.00631069
0.00592613
0.00614997
0.00586358
0.00619426
0.0066601
0.00592987
0.00612713
0.00584723
0.0061939
0.00626177
0.00618453
0.00613534
0.00605171
0.00631767
0.00590113
0.00659322
0.00631276
0.00638793
0.00646831
0.00616402
0.00644444
0.0060645
0.00626897
0.00600111
0.00644957
0.00555886
0.00626696
0.00937867
0.00859576
0.00863118
0.00914159
0.00588053
0.00610345
0.00611953
0.00567445
0.00607446
0.00671843
0.00821732
0.00595624
0.00872448
0.00884647
0.00749807
0.00819004
0.00893342
0.00902754
0.00641311
0.00642259
0.00634079
0.00639496
0.0101918
0.00606887
0.0064554
0.00775902
0.00630432
0.00639697
0.00604429
0.00628653
0.00705597
0.00685956
0.00572963
0.00601412
0.00615018
0.00592731
0.00590031
0.00628738
0.00594273
0.00613095
0.00620876
0.00638363
0.00616391
0.0062394
0.00636783
0.00611725
0.00605666
0.00597024
0.00640154
0.00628721
0.00595891
0.00599613
0.00590381
0.00620444
0.00609521
0.00594712
0.00585084
0.00639395
0.00612923
0.0061359
0.00604027
0.00637236
0.00840331
0.00566197
0.00623416
0.00618167
0.0062647
0.00556523
0.00934775
0.00590718
0.00597223
0.00643997
0.00653806
0.00578583
0.00652105
0.00642861
0.00658352
0.00625134
0.00656523
0.00621216
0.00649959
0.00611105
0.00656104
0.00711099
0.00815475
0.00658349
0.00769322
0.00622423
0.0063279
0.0082544
0.00670325
0.00785006
0.00678388
0.0063358
0.00584776
0.00654081
0.00639734
0.00628019
0.00624013
0.00637538
0.00688959
0.00612296
0.00602365
0.0067353
0.00619292
0.0062769
0.00724942
0.00626059
0.00623486
0.00595594
0.0066352
0.00637182
0.00763263
0.00795293
0.00705363
0.00611294
0.00584335
0.00769493
0.00599471
0.00752086
0.00685409
0.00588912
0.00704761
0.00735076
0.00746541
0.00708235
0.00671903
0.00629213
0.00603609
0.00731168
0.00813238
0.00653075
0.00623066
0.00832713
0.00728533
0.00727843
0.00629919
0.00676105
0.00614057
0.00662077
0.00719423
0.00650734
0.0061954
0.00662393
0.00624978
0.00647502
0.00641794
0.00688041
0.00671837
0.00631097
0.00679466
0.00650977
0.00626894
0.00647154
0.00647408
0.00668013
0.00651171
0.00646825
0.00779759
0.00668508
0.00695439
0.00702291
0.00696991
0.00715175
0.006758
0.00673922
0.00670701
0.00691979
0.00667155
0.00743067
0.00649418
0.00670443
0.0065525
0.00694748
0.00696733
0.00700688
0.00622351
0.00705217
0.00662712
0.00666268
0.00691277
0.00685958
0.00657384
0.00737625
0.00707017
0.00680278
0.00695077
0.00705837
0.00715449
0.00723526
0.00618695
0.00722394
0.00705452
0.00677045
0.00687299
0.00663159
0.00719385
0.0074322
0.00744537
0.00710549
0.00753123
0.00728456
0.0073844
0.00769934
0.00688057
0.00718915
0.00711024
0.00679576
0.00687709
0.00685396
0.00718393
0.00695093
0.00746055
0.00715027
0.00768173
0.00719172
0.00705752
0.00661894
0.00708048
0.00764572
0.00747132
0.00677954
0.00774795
0.00766207
0.00760608
0.00815147
0.00822255
0.00732349
0.00755232
0.00737416
0.00767336
0.00790187
0.00746532
0.00722165
0.00811744
0.0073447
0.00727636
0.0079398
0.00753444
0.007835
0.00809895
0.00849627
0.00727079
0.00813051
0.00794299
0.0079161
0.00770884
0.00777734
0.00756568
0.00833463
0.00822993
0.00812431
0.00793523
0.00805884
0.0077065
0.00912921
0.00927151
0.00816589
0.00800285
0.0110844
0.00752139
0.00813744
0.00753778
0.0083094
0.00729469
0.00812039
0.00788764
0.00830011
0.00818415
0.00798973
0.00715983
0.00763043
0.00795798
0.00802958
0.0084951
0.00814569
0.00760366
0.00769647
0.00795332
0.00753622
0.0077799
0.00785999
0.00803177
0.00798974
0.00985511
0.00838913
0.00864369
0.0112849
0.0113036
0.00806938
0.00770206
0.00759121
0.00734253
0.00780407
0.00768263
0.00780735
0.00880304
0.0119982
0.00719533
0.00788638
0.00783464
0.00981888
0.00735778
0.00739544
0.00772936
0.00782853
0.00817955
0.00958713
0.00938889
0.00786615
0.00959429
0.00741555
0.00793439
0.0080613
0.00797249
0.00778256
0.0121843
0.0105475
0.0100981
0.010675
0.00781579
0.0078805
0.00788529
0.00829661
0.00847475
0.00848989
0.008514
0.00847993
0.00855666
0.00835056
0.00809598
0.00837141
0.00860325
0.00821402
0.00863217
0.00807827
0.0101236
0.00811286
0.00858368
0.00809418
0.0082377
0.0083418
0.00848026
0.00813736
0.00819233
0.00816884
0.00822965
0.00810444
0.00831804
0.00809869
0.00797996
0.00743733
0.00829558
0.00808152
0.00851389
0.00824228
0.00783839
0.00792866
0.00815295
0.00847411
0.00783885
0.00762976
0.00777639
0.0079777
0.00808327
0.00815103
0.00774711
0.00818185
0.00808972
0.00792083
0.00770297
0.00803769
0.00806007
0.00820998
0.00809444
0.0082273
0.0141823
0.00843153
0.00869722
0.00866915
0.00884497
0.00856996
0.00930215
0.00940969
0.00813565
0.00866899
0.00905123
0.00853975
0.00833873
0.00861655
0.00814067
0.00920041
0.0081619
0.00807034
0.0101111
0.00912391
0.00928504
0.0102097
0.0131999
0.00967034
0.0111796
0.0107059
0.00828931
0.00832126
0.00903955
0.00837187
0.00874824
0.00956188
0.00905107
0.00797304
0.00906142
0.0113563
0.010385
0.00977213
0.0103333
0.00941161
0.00848234
0.0083128
0.00859755
0.00897722
0.00856094
0.00869253
0.00855388
0.00862564
0.00834542
0.00906333
0.00860361
0.00786359
0.0085247
0.008359
0.00832662
0.00880948
0.0141109
0.00830912
0.00832793
0.00851833
0.008248
0.00781404
0.00790583
0.00833132
0.00879424
0.00790097
0.00844528
0.00847633
0.00806221
0.0113837
0.0117989
0.0108959
0.0112925
0.0115308
0.00823414
0.00879679
0.00780125
0.00824808
0.00836014
0.00781863
0.00921146
0.0109986
0.0110405
0.00839301
0.00834195
0.00843865
0.0133366
0.00869099
0.0100406
0.00874377
0.00860313
0.00871511
0.00879948
0.00947408
0.00916283
0.00878688
0.00878913
0.00852588
0.00880367
0.00841342
0.00845513
0.00937191
0.00936346
0.0105766
0.00884564
0.00897068
0.00915307
0.00929612
0.00873849
0.00832741
0.00910225
0.00835857
0.00878839
0.0082177
0.00845856
0.00837754
0.00941504
0.00862832
0.0089488
0.00830736
0.0088652
0.00867182
0.00878916
0.00845999
0.00854237
0.00840464
0.00914039
0.00856888
0.00861373
0.00863812
0.0082831
0.00839218
0.00816108
0.00828414
0.00819014
0.00877203
0.00821768
0.00854892
0.00996223
0.00908402
0.00873177
0.00852327
0.00868819
0.00851326
0.00855929
0.00862379
0.00825075
0.00851679
0.00840735
0.00850133
0.00862821
0.00836027
0.00854352
0.0089108
0.0085798
0.00890176
0.00805664
0.00805858
0.00804969
0.00840854
0.00756045
0.00848506
0.00791143
0.00811108
0.00825221
0.00803677
0.00840407
0.00858989
0.00884117
0.00838558
0.00878751
0.00841673
0.00836782
0.00884729
0.00843323
0.00906728
0.00861929
0.0078498
0.0083663
0.00817346
0.00826408
0.00857341
0.00827594
0.0135499
0.00894759
0.00807933
0.0136045
0.00898897
0.00871285
0.00909741
0.00910237
0.008431
0.00872095
0.00847818
0.00845582
0.00824973
0.00805831
0.00838614
0.00857896
0.00850818
0.00893732
0.00831895
0.00827677
0.00864318
0.00856979
0.00880182
0.00826244
0.00804354
0.00847702
0.00848794
0.00893432
0.00866046
0.00865941
0.0085409
0.00889082
0.0104011
0.0102017
0.00867908
0.00879845
0.00854897
0.00855681
0.00856539
0.00870937
0.00897953
0.00820302
0.00852514
0.00849145
0.0085864
0.00796597
0.0124597
0.00798271
0.00784971
0.0082324
0.00819269
0.00848997
0.0085658
0.00806405
0.00800743
0.00814295
0.00827407
0.00837623
0.00797662
0.00802624
0.00839655
0.00844248
0.00855452
0.00822532
0.00803071
0.00836606
0.011647
0.0109488
0.00923571
0.00801551
0.00857739
0.0087237
0.00828918
0.00832965
0.0102443
0.00870022
0.00807056
0.00801332
0.00838225
0.00832758
0.00972179
0.00844743
0.00827773
0.00840207
0.0104444
0.00848746
0.00886023
0.00835145
0.00825893
0.00787837
0.00808987
0.00799226
0.00816531
0.00871871
0.00870551
0.00855455
0.00886001
0.00853605
0.00861266
0.00838764
0.00795494
0.00825009
0.00849873
0.00912445
0.0080065
0.00789889
0.00752491
0.00761547
0.0109666
0.0105224
0.00817838
0.00781104
0.00801923
0.00802289
0.00782849
0.00824096
0.00788355
0.00787925
0.00805167
0.00800751
0.00814927
0.0104744
0.00938921
0.00859051
0.00804359
0.00800771
0.00777578
0.00789617
0.00871489
0.00742927
0.00759163
0.00800203
0.00813676
0.00794326
0.00779755
0.00886821
0.00885193
0.00831891
0.00783653
0.00806438
0.00713501
0.00725117
0.00761276
0.00758428
0.00710734
0.00806232
0.00757364
0.00766631
0.00736239
0.00744909
0.00829862
0.00754585
0.00792395
0.00810283
0.00763861
0.00806189
0.00748586
0.00757123
0.00921387
0.00755296
0.00725628
0.00824714
0.00701026
0.00679685
0.00821815
0.00691863
0.00707547
0.00817529
0.00712275
0.00920118
0.00702429
0.00652259
0.00739957
0.00749988
0.00803259
0.00775697
0.00780716
0.00742194
0.00746947
0.0067736
0.00770219
0.00869985
0.00795137
0.00782651
0.00815794
0.00719087
0.00771949
0.007396
0.00730732
0.00718411
0.0070272
0.00696059
0.00701231
0.00676995
0.00736285
0.00717686
0.00712816
0.00709224
0.00671227
0.00775092
0.00719768
0.00699852
0.00686185
0.00656871
0.00673726
0.00659096
0.00684364
0.00660345
0.00705444
0.00670897
0.00701163
0.00682054
0.00643813
0.00663423
0.00668313
0.00710083
0.0071608
0.00709424
0.00712489
0.00664046
0.00680766
0.00718597
0.00699216
0.00657518
0.00678786
0.00699163
0.00661085
0.00676648
0.00684706
0.0117169
0.00736842
0.00771085
0.00754328
0.00750215
0.00736926
0.00727341
0.00733912
0.00796543
0.00720815
0.00748001
0.00692822
0.00726594
0.00673403
0.00725087
0.00737668
0.00692689
0.00699385
0.00699221
0.0069661
0.00698476
0.00642087
0.00683134
0.00734425
0.00669687
0.00690027
0.00633129
0.00647476
0.00677415
0.00674531
0.00680356
0.00702541
0.00688875
0.00755707
0.00743072
0.00740074
0.00713913
0.0076314
0.00783108
0.00877797
0.00905169
0.00954482
0.00786419
0.00938039
0.00935571
0.0098787
0.00832138
0.00848873
0.00768993
0.00888483
0.00827452
0.00867259
0.00847475
0.00749911
0.00741088
0.00765352
0.00735551
0.00705529
0.0106816
0.00702793
0.0080243
0.00946805
0.00829111
0.00776268
0.00981515
0.00789105
0.00786199
0.00734474
0.00758666
0.00793761
0.00754457
0.00778193
0.00950473
0.00821218
0.00851184
0.00797543
0.0081097
0.00702932
0.00676517
0.00665795
0.00744321
0.00716975
0.00708304
0.00670261
0.00681656
0.00668715
0.00629952
0.00631238
0.00614157
0.0051533
0.00573477
0.00609267
0.00582057
0.00546796
0.00505674
0.0053992
0.00554347
0.00574328
0.00550219
0.00532235
0.00539914
0.00547026
0.00502762
0.0049324
0.00548542
0.00588917
0.00566557
0.00518429
0.00496388
0.0050358
0.00506695
0.00561469
0.00540798
0.00547279
0.00572161
0.005146
0.00598448
0.0063819
0.006083
0.00542826
0.00579092
0.00606538
0.00625538
0.00634597
0.00599101
0.00582108
0.00608842
0.00565349
0.00594406
0.00578392
0.00620398
0.00599062
0.00600492
0.00649439
0.00633545
0.00778508
0.0060061
0.00593627
0.00588624
0.00588149
0.00624962
0.0057452
0.00626696
0.00590447
0.00628861
0.00592023
0.00623241
0.00565669
0.00613776
0.00591374
0.00621741
0.00697161
0.00573926
0.00782183
0.00652045
0.00623715
0.00593977
0.0058208
0.00580917
0.0060204
0.00707215
0.00535866
0.00555601
0.00552431
0.00709689
0.0055266
0.0052389
0.00578593
0.00562243
0.006106
0.00545556
0.00544037
0.00557349
0.00575964
0.00734641
0.00560419
0.00690643
0.00606463
0.00573154
0.00497393
0.00526647
0.00525399
0.0050619
0.00494877
0.0051165
0.00507508
0.00561859
0.00550842
0.0054295
0.00505617
0.00469049
0.0045822
0.00445629
0.00458208
0.00452016
0.00448866
0.00526887
0.00552369
0.00451502
0.00485469
0.00476207
0.00519676
0.00625309
0.00504233
0.00533633
0.00577343
0.00749836
0.00493144
0.00508758
0.0053985
0.00460735
0.00481712
0.00495731
0.00484699
0.00493724
0.00506306
0.00449212
0.00574536
0.00505047
0.00471608
0.00522976
0.00510398
0.00530423
0.00718955
0.00518195
0.00518674
0.00551054
0.00557651
0.00546465
0.00589332
0.00687282
0.00808779
0.00755819
0.00632847
0.00493278
0.00521688
0.00508037
0.00489065
0.00569033
0.00459531
0.00482083
0.00553506
0.00538612
0.00532619
0.00573398
0.0059774
0.00612873
0.00571954
0.00597265
0.00595049
0.00670395
0.00657854
0.00674803
0.00609262
0.00636216
0.00612374
0.00586004
0.0060704
0.00613982
0.00585016
0.00563737
0.00559571
0.0054969
0.00554925
0.00594111
0.00578732
0.00612219
0.00585791
0.00548209
0.00643428
0.00628135
0.00609726
0.00593995
0.00678086
0.00633663
0.00602845
0.00575953
0.00569707
0.0054745
0.00484099
0.00483995
0.00480859
0.00466748
0.00436862
0.00474289
0.0050581
0.0051264
0.00578958
0.00509452
0.00561038
0.00563066
0.00590632
0.00591238
0.00617836
0.00789841
0.00651927
0.00578082
0.00537186
0.00544473
0.00618532
0.00550694
0.00669431
0.00685803
0.00540175
0.00613747
0.00626355
0.00632861
0.00593847
0.00576067
0.00709611
0.00575492
0.00710147
0.00534828
0.00557745
0.00550885
0.00602575
0.00689756
0.00716432
0.00566789
0.0058498
0.00583313
0.00606769
0.00566479
0.00603619
0.0066864
0.00629219
0.00672865
0.00738485
0.00522823
0.00589376
0.0090739
0.00519897
0.00491687
0.00510805
0.00501423
0.00559156
0.00489682
0.00520878
0.00504451
0.00478305
0.00582843
0.00554496
0.00517934
0.00559155
0.00540997
0.00583563
0.00593003
0.00567227
0.00537149
0.00593134
0.00601069
0.00633628
0.00602668
0.00565795
0.00572985
0.00650872
0.00705532
0.0106539
0.0104372
0.00753883
0.0066316
0.00593328
0.00653628
0.00660597
0.00801834
0.00602505
0.0062576
0.00556695
0.00567697
0.00590133
0.0057381
0.00547331
0.00568529
0.00605789
0.00595682
0.00625789
0.0104844
0.00551741
0.00622773
0.00621168
0.00593499
0.00591516
0.00611103
0.00574742
0.00667195
0.00568198
0.00590578
0.00544518
0.00575909
0.00627108
0.00631005
0.00623259
0.00622611
0.00566372
0.0050183
0.00483619
0.00519635
0.00516133
0.00550222
0.00568874
0.00576271
0.00638397
0.00701963
0.00700769
0.00687549
0.00706655
0.00663148
0.00608151
0.00602671
0.00593461
0.00604726
0.00588651
0.00658737
0.00632151
0.00615627
0.00834221
0.00869085
0.00587214
0.00601324
0.00625883
0.00602643
0.00689153
0.00630691
0.00635654
0.00640502
0.00655388
0.00637725
0.00607437
0.00658788
0.00667831
0.00675795
0.00649543
0.00764734
0.00636111
0.00658057
0.00650606
0.0061849
0.00602193
0.00627591
0.00597721
0.006101
0.00637314
0.00596361
0.00589539
0.00634192
0.00580022
0.00636197
0.00564468
0.0053846
0.00603547
0.00555574
0.00559548
0.00583844
0.00720132
0.00627127
0.00628085
0.00594717
0.00544872
0.00512296
0.00536836
0.00534525
0.00563761
0.00531221
0.00532812
0.0056121
0.00518112
0.00593552
0.00634485
0.00603597
0.00604836
0.00814606
0.00719378
0.00642468
0.00630403
0.0062344
0.00629692
0.00605934
0.0060094
0.00611178
0.00621201
0.00625929
0.00631659
0.00619915
0.00621387
0.00611629
0.00626893
0.00737307
0.00596598
0.00607659
0.00591349
0.0059411
0.00621331
0.0063036
0.00593686
0.00583812
0.0056262
0.00572075
0.00557236
0.00575126
0.00574701
0.00607957
0.00606167
0.00632942
0.00595282
0.00566607
0.00522271
0.00553374
0.00565058
0.00582004
0.00519694
0.0050802
0.00502821
0.0053964
0.00523662
0.00490224
0.00526663
0.00831005
0.00551505
0.00570845
0.00516711
0.00521551
0.00562977
0.00562909
0.00610343
0.00549453
0.00568344
0.00575343
0.00585922
0.00570184
0.00581126
0.00610302
0.00590053
0.00560918
0.00598669
0.00545346
0.00570986
0.00561462
0.00558305
0.00579993
0.00553892
0.00538587
0.00518223
0.00563141
0.00544241
0.00551167
0.0052742
0.00621651
0.00922906
0.0055451
0.00575843
0.00602762
0.00626379
0.00667913
0.00616123
0.00556467
0.00606111
0.00641705
0.00631219
0.0058894
0.00565802
0.00531678
0.00546792
0.00560093
0.00554174
0.00481336
0.00522702
0.00563001
0.00513829
0.00516129
0.00562957
0.00510007
0.00607257
0.00656763
0.00549396
0.00506716
0.00578323
0.00561737
0.00571717
0.00723739
0.00534569
0.00546416
0.00576825
0.00577219
0.00589925
0.00551152
0.00508771
0.00539374
0.0056695
0.00520416
0.00503506
0.00539336
0.00537284
0.00528886
0.00577667
0.00590143
0.00509497
0.00548129
0.00537568
0.00525292
0.005012
0.00567789
0.00576332
0.0059594
0.00559147
0.00538531
0.00546166
0.00551252
0.00490482
0.00513719
0.00547712
0.00500666
0.00553193
0.00520132
0.00541153
0.00554596
0.00502056
0.0052092
0.00527408
0.00529098
0.00501322
0.00528447
0.00520772
0.00532327
0.00531391
0.0053053
0.00561958
0.00536292
0.00535093
0.00519094
0.00519848
0.00492184
0.00861438
0.00523685
0.00486846
0.00509902
0.00512012
0.00525426
0.00516091
0.00536818
0.00524529
0.00554364
0.00548428
0.00550112
0.0054429
0.00570096
0.00581922
0.00530204
0.00515275
0.0061263
0.00547643
0.00507887
0.00515179
0.00552701
0.00570186
0.00579133
0.00586332
0.00534653
0.00552807
0.00516
0.00558843
0.00548572
0.00590486
0.00711898
0.00551712
0.00579857
0.00544097
0.00566601
0.00598365
0.00826972
0.00554707
0.005216
0.00594266
0.00567744
0.00747933
0.00592669
0.00589235
0.00645495
0.00770674
0.0056781
0.00625356
0.00778818
0.00577344
0.00560186
0.00560473
0.00558802
0.00570535
0.00528397
0.00557556
0.00556782
0.00551684
0.00602946
0.00600994
0.00727228
0.00600839
0.00518185
0.00522279
0.00607213
0.00575519
0.0060012
0.00730819
0.00551821
0.00555219
0.00563202
0.00569923
0.00541063
0.0054737
0.00549896
0.00536503
0.00545029
0.0055119
0.00569927
0.00555978
0.0054215
0.00580414
0.00592924
0.00529407
0.00530667
0.00527894
0.00559696
0.00576564
0.00534519
0.00581243
0.00534247
0.00586042
0.00564689
0.00554298
0.00566736
0.0055706
0.00651552
0.00617812
0.00622347
0.006089
0.00638597
0.00618582
0.00612429
0.00589025
0.00669826
0.00611648
0.00633787
0.00595958
0.00662245
0.00669776
0.00623168
0.00610225
0.00601668
0.00627503
0.00624979
0.0060302
0.0061038
0.0057368
0.00581531
0.00574583
0.00631711
0.00660854
0.00633969
0.0062177
0.0064266
0.00627485
0.00689891
0.00674714
0.00667833
0.00655552
0.00657927
0.00650387
0.00639184
0.00664874
0.00639634
0.00672745
0.00649498
0.00678684
0.00657043
0.00679394
0.00630278
0.00653556
0.00650774
0.00653224
0.00619451
0.00661678
0.00660519
0.00633019
0.00656273
0.00659782
0.00691016
0.00631905
0.00629504
0.00610684
0.0106263
0.00657164
0.00661411
0.00706943
0.00789674
0.00672193
0.00785012
0.00674125
0.00722204
0.00656085
0.00632382
0.00762199
0.00666387
0.00701224
0.00691295
0.00654601
0.00674184
0.00712694
0.00818127
0.00627399
0.00611791
0.00650887
0.00767344
0.00849723
0.00623973
0.00617249
0.00623581
0.00633725
0.00627328
0.00622167
0.00650038
0.00634096
0.00661262
0.0062142
0.00653648
0.00630582
0.00629959
0.00613757
0.00681871
0.00671708
0.00625978
0.0061318
0.0062869
0.00640659
0.0064285
0.00649493
0.00614156
0.00611347
0.00624811
0.00604844
0.00580095
0.00634454
0.00606374
0.00601572
0.00611046
0.00609428
0.00579767
0.00617118
0.00608142
0.00966384
0.00612156
0.00648362
0.00611457
0.00616942
0.00594223
0.0062297
0.0061359
0.0058813
0.00626693
0.00597861
0.0065253
0.00652535
0.0061882
0.00628956
0.00609964
0.00625741
0.00680374
0.00682938
0.00661059
0.00674435
0.00673387
0.00643618
0.00703443
0.0071897
0.00668511
0.0064027
0.00669627
0.00713808
0.00745676
0.00710483
0.00753284
0.00719498
0.00713118
0.00672521
0.00739509
0.00722257
0.00707867
0.00742715
0.00683278
0.0069164
0.00764487
0.00895796
0.00695552
0.00710528
0.00787696
0.00904301
0.00914498
0.00937579
0.00801783
0.0068889
0.00705984
0.00669217
0.00692178
0.00679007
0.00638621
0.00681331
0.00664604
0.0083273
0.00692261
0.00720565
0.00731839
0.00685098
0.00726626
0.00704569
0.00688487
0.00719116
0.00679405
0.00702706
0.00936427
0.00920596
0.00718935
0.00712413
0.00746561
0.00745224
0.00712452
0.00688845
0.0071181
0.0068689
0.00719422
0.00661758
0.00699642
0.00671961
0.0100316
0.00693842
0.0061452
0.00659142
0.00646693
0.00609743
0.010625
0.00683889
0.0061747
0.00699808
0.00634745
0.00665144
0.00715299
0.00650048
0.00782747
0.00650482
0.00678516
0.00701796
0.00649992
0.00675818
0.0066567
0.00694189
0.00673819
0.0065815
0.00667514
0.0064117
0.00662041
0.00715963
0.00704221
0.0071291
0.00669273
0.00631351
0.00639258
0.00647809
0.00654754
0.00662184
0.00733568
0.0072475
0.00727733
0.00771517
0.00676775
0.00704755
0.00664191
0.00714671
0.00707862
0.00740339
0.00917514
0.00750256
0.0104775
0.00670469
0.00669382
0.00707392
0.00673561
0.00645841
0.00692364
0.00648814
0.00570134
0.00694026
0.00583167
0.00603978
0.00803739
0.00614746
0.00577017
0.00842039
0.00794528
0.0051383
0.00582935
0.00608697
0.00577344
0.00630808
0.00594998
0.00554809
0.00654416
0.00577716
0.00578302
0.00595648
0.00624928
0.00605337
0.00607645
0.00572439
0.00568223
0.00588298
0.00565309
0.00602036
0.00608846
0.00618627
0.00651095
0.00649485
0.00654605
0.00586563
0.00632494
0.00604427
0.00581057
0.00621137
0.00598454
0.0058325
0.00591656
0.00614975
0.00644662
0.00618036
0.00607276
0.00648031
0.00682452
0.00641998
0.00622171
0.00619235
0.00679689
0.00636882
0.00678337
0.0068259
0.00693643
0.00697738
0.00706678
0.00665976
0.00718347
0.00722995
0.00633937
0.00660735
0.0064954
0.00688641
0.00688925
0.00725478
0.00665611
0.00704205
0.00665984
0.00678945
0.00682662
0.00685903
0.00657573
0.00614041
0.00591946
0.00657358
0.00683104
0.00657665
0.00630846
0.00624358
0.00647948
0.00593939
0.00615943
0.00579989
0.00614007
0.00582176
0.0061447
0.00695353
0.00632669
0.00630475
0.00588041
0.00567414
0.00539194
0.00549769
0.00543784
0.00521232
0.00531452
0.00525018
0.00518733
0.00686627
0.00625832
0.00603736
0.00604681
0.00559185
0.00591354
0.00554513
0.00567764
0.00554797
0.00536747
0.00519655
0.00536932
0.00533812
0.0053907
0.00482433
0.00545853
0.00568189
0.00579106
0.00566476
0.00601883
0.00639068
0.00604941
0.00624352
0.00612048
0.00607424
0.00567348
0.00509451
0.00550115
0.00501374
0.00589687
0.00578903
0.00696778
0.0063115
0.0107307
0.00578701
0.00615518
0.00619168
0.00624775
0.00597664
0.00552297
0.00537143
0.0047346
0.00527502
0.00537538
0.00514573
0.00500494
0.0051673
0.00529834
0.00561285
0.00563271
0.00588157
0.00603434
0.00587823
0.0055885
0.00564994
0.00543931
0.00500233
0.00532814
0.00525318
0.00495411
0.00518817
0.00516458
0.00536294
0.00523357
0.00471144
0.00524579
0.0051555
0.0049634
0.00539261
0.00520907
0.0051237
0.00497236
0.00464357
0.00428522
0.00423315
0.00472036
0.00449053
0.00497065
0.00499296
0.00530785
0.00527329
0.00508772
0.00520654
0.00498997
0.00513515
0.00568291
0.0058672
0.00602078
0.00684845
0.00642777
0.00625755
0.00652949
0.00647284
0.00654821
0.00660336
0.00678769
0.0071942
0.00698422
0.00663532
0.00667149
0.00695802
0.00625586
0.00670061
0.00647407
0.00628882
0.00647486
0.00654326
0.00613106
0.00632947
0.00620679
0.00615339
0.00575148
0.0063333
0.00608423
0.00599074
0.00650679
0.00618953
0.00574336
0.00582728
0.00560179
0.00532983
0.00579428
0.0054795
0.00584022
0.00537468
0.00552607
0.00597619
0.00609056
0.00634079
0.00637853
0.00665548
0.00641028
0.00628954
0.00608616
0.00656923
0.006185
0.00588157
0.00550745
0.00562572
0.00934876
0.00569977
0.00567571
0.00555255
0.00576663
0.00564404
0.00600634
0.00590647
0.00561496
0.00680291
0.00608064
0.0066686
0.00568489
0.00563544
0.00572866
0.0052958
0.00566315
0.0056357
0.00592267
0.00537856
0.00564246
0.00568259
0.00712024
0.00822356
0.00523103
0.00525106
0.00489439
0.00561972
0.00506574
0.00576135
0.00549796
0.00583306
0.00549251
0.00561412
0.0088253
0.00879609
0.00740777
0.00549414
0.00512221
0.00638672
0.0055271
0.00642113
0.00557907
0.00549169
0.00619592
0.00582868
0.00566201
0.0054396
0.0053978
0.00511561
0.00530303
0.00508138
0.00524472
0.00594555
0.0058131
0.00517109
0.00801496
0.00678163
0.00586484
0.00562535
0.00569908
0.00541168
0.00822743
0.00776253
0.00773429
0.00827458
0.00599395
0.00578889
0.00558779
0.00516343
0.00562937
0.00669034
0.00501627
0.0085188
0.00536366
0.0054405
0.00527632
0.00543247
0.0054585
0.00531086
0.00568278
0.00566188
0.00573837
0.00538147
0.00506295
0.00521955
0.00563951
0.00532151
0.00567865
0.00606022
0.00587334
0.00527486
0.00588273
0.00606278
0.00622189
0.00587708
0.00559512
0.00554754
0.00503465
0.00543094
0.00548985
0.00552062
0.00552044
0.00899273
0.00554734
0.00533842
0.00578517
0.00579337
0.0084754
0.00476029
0.00487759
0.00530027
0.00734993
0.00797259
0.00555093
0.00600512
0.00556378
0.0059035
0.0062262
0.008833
0.00832635
0.00722182
0.00668505
0.00647873
0.00688016
0.00574709
0.00589595
0.0058988
0.00807002
0.00667868
0.00833227
0.0062207
0.00620034
0.00593635
0.0059479
0.00566626
0.00529939
0.00525337
0.00559643
0.00548348
0.00549571
0.00502202
0.00543048
0.00568167
0.00587875
0.00611229
0.00559345
0.0058197
0.00590556
0.00535188
0.00586434
0.00582868
0.00618593
0.00604582
0.00562812
0.00831618
0.00593489
0.00597781
0.00805999
0.00572189
0.00563294
0.00698563
0.00672189
0.00696091
0.00663056
0.00654626
0.0061348
0.00566873
0.0062516
0.00613925
0.00543777
0.00547915
0.00445843
0.00516831
0.00426738
0.00440709
0.00460532
0.00480733
0.0045809
0.00492113
0.00483194
0.00487082
0.00513977
0.00566667
0.00686686
0.00655741
0.00479015
0.00531098
0.00850229
0.00444731
0.00445886
0.00504525
0.00484562
0.00490275
0.00461123
0.0053504
0.00501113
0.00511958
0.00497625
0.00696848
0.00604561
0.0061422
0.00644114
0.00571209
0.00579847
0.00545035
0.00553463
0.00559035
0.00642377
0.00690324
0.00650253
0.00658758
0.00668544
0.00684812
0.00732282
0.00678938
0.0062182
0.00720073
0.00674613
0.00620648
0.00742637
0.00738068
0.00652015
0.00600665
0.0063895
0.00654134
0.00670081
0.00528673
0.00522298
0.00517952
0.00543865
0.00741991
0.00730891
0.00787019
0.00596812
0.00558863
0.00517133
0.00505954
0.00461409
0.00423488
0.0041068
0.00426078
0.00432727
0.00458603
0.00515693
0.00522979
0.00441096
0.00493312
0.00534999
0.00508547
0.00492175
0.00519763
0.00446966
0.0049169
0.00478531
0.00452778
0.00477298
0.00484072
0.00448196
0.004806
0.00398
0.00376094
0.0042401
0.00387369
0.00399514
0.00401876
0.00432339
0.00370692
0.00367146
0.00381799
0.00400974
0.00414653
0.00438025
0.00461867
0.00467422
0.00494566
0.00459426
0.00455574
0.00458258
0.00470948
0.00451495
0.00459973
0.00506458
0.00453663
0.00446901
0.00412535
0.00410751
0.00355092
0.0038881
0.00384053
0.00345524
0.00352461
0.00395361
0.00408897
0.00393608
0.00382476
0.00373517
0.00383203
0.00390386
0.00378025
0.00417491
0.00433738
0.00478589
0.00566564
0.00448989
0.00419218
0.00421851
0.00438917
0.004165
0.00378764
0.00391173
0.00358175
0.00326777
0.00360272
0.00349098
0.00335243
0.00345004
0.00338603
0.00347311
0.00352679
0.00361341
0.00398065
0.00393318
0.00385173
0.00388788
0.00420412
0.00383018
0.00444428
0.004278
0.00419085
0.00440474
0.00468473
0.00469262
0.00433031
0.00466643
0.00414756
0.00428476
0.00412792
0.00411579
0.00375544
0.00410109
0.00377931
0.00375381
0.00347794
0.00339454
0.00318594
0.00363064
0.00371073
0.00349339
0.00374088
0.00355348
0.00380384
0.004
0.00365826
0.00392107
0.00344021
0.00344629
0.00380521
0.00350089
0.00401006
0.00428542
0.00419403
0.00397685
0.00421109
0.00452041
0.00456362
0.00444723
0.00437601
0.00445971
0.00500387
0.0044377
0.00530841
0.00457007
0.00357823
0.00395191
0.00439525
0.00458593
0.00453628
0.00442186
0.00451508
0.00515373
0.00642669
0.00451866
0.00445359
0.00417482
0.00544346
0.00377285
0.00317413
0.00323397
0.00279564
0.00262839
0.00287615
0.00321168
0.00395185
0.00362749
