0.00337402
0.00324143
0.0033613
0.00353459
0.00415373
0.00349938
0.00324471
0.00319879
0.00341089
0.00357196
0.00391455
0.00437874
0.00437725
0.00436846
0.00437089
0.00422567
0.00438036
0.00457414
0.00401633
0.00441491
0.0044041
0.00435354
0.00425419
0.00418322
0.00410072
0.00422116
0.00404632
0.00460662
0.00421045
0.00447874
0.00430468
0.0046902
0.00459358
0.0047089
0.00476992
0.00511784
0.00488226
0.00557726
0.00544738
0.00526809
0.005519
0.00561777
0.005922
0.0053677
0.00564274
0.0052838
0.00521144
0.00546786
0.00544379
0.00555331
0.0055428
0.00565404
0.00574884
0.00585095
0.00579743
0.00591905
0.00582691
0.00572007
0.00579826
0.00564213
0.00526131
0.00553159
0.00534173
0.00558708
0.00589935
0.0056758
0.00546691
0.00563208
0.00588541
0.00583147
0.00574827
0.00579385
0.00587357
0.00572241
0.0062648
0.00586817
0.00592961
0.00603761
0.00601271
0.00594306
0.00620835
0.00618383
0.00637031
0.00643662
0.00647976
0.00606534
0.00733508
0.0060912
0.00574933
0.00581952
0.00556039
0.00541853
0.00559217
0.00559638
0.00551297
0.00545067
0.00530224
0.00643168
0.00545973
0.00602534
0.00557623
0.00612476
0.00523552
0.00546768
0.00575667
0.00580668
0.00789135
0.00786726
0.00762267
0.00592943
0.00642913
0.0056529
0.00535498
0.00557107
0.00560297
0.00634121
0.00586687
0.00556384
0.00649932
0.00544069
0.00523014
0.00543887
0.00522606
0.00522045
0.00485969
0.00503449
0.00486464
0.00485353
0.00478485
0.00470907
0.00480554
0.00474208
0.0047728
0.00482201
0.00505716
0.0046366
0.00468054
0.00456518
0.00457588
0.0046476
0.00446311
0.00460471
0.004577
0.00464438
0.00470815
0.00482051
0.00472315
0.0047441
0.00496257
0.00499299
0.00493798
0.00482212
0.00486798
0.00465153
0.00480282
0.00482712
0.00455206
0.00458692
0.0047146
0.00452238
0.00476283
0.0046631
0.00467477
0.00476473
0.00473985
0.00486398
0.00474424
0.00477178
0.00512489
0.0048226
0.00480203
0.00477091
0.00475166
0.00496055
0.00474373
0.00511648
0.00503468
0.00498837
0.00498661
0.00492187
0.00498437
0.00501122
0.00492603
0.00480785
0.00491544
0.00480632
0.00484085
0.00480751
0.00482278
0.00496811
0.00487419
0.00500929
0.00485395
0.00489183
0.0049263
0.00500812
0.00483138
0.00474727
0.00487695
0.00485087
0.00500578
0.00502513
0.00509158
0.00516631
0.00507501
0.00539883
0.00493646
0.00516825
0.00505341
0.00509148
0.00515553
0.0052547
0.00521749
0.00532333
0.00544743
0.00511402
0.00522008
0.00520471
0.00513793
0.00520228
0.00528945
0.00510044
0.00516832
0.00542304
0.00523627
0.00535013
0.00552318
0.00565745
0.00555542
0.00564147
0.00578824
0.0056312
0.00565945
0.00561694
0.00586514
0.00591005
0.00634489
