0.00198004
0.00227172
0.00204884
0.00209724
0.00112373
0.00205906
0.00206419
0.00212418
0.00220127
0.00216038
0.0022018
0.0020848
0.00206673
0.00203295
0.00199143
0.00205256
0.00199639
0.00203753
0.00200511
0.00209066
0.00119426
0.00204102
0.00210999
0.00216681
0.00204084
0.00215205
0.00197562
0.00213263
0.0022154
0.00215647
0.00210887
0.00218119
0.00211294
0.00210823
0.00214866
0.00245109
0.00220458
0.0022569
0.00211205
0.00206864
0.00210309
0.00201678
0.00200697
0.00206707
0.00204427
0.00204372
0.00228734
0.00206211
0.00205235
0.0022224
0.00207436
0.00215766
0.00213671
0.00213566
0.00205142
0.00221243
0.0022718
0.00215889
0.00204679
0.002168
0.00205151
0.00214864
0.0021303
0.00206314
0.00206866
0.00213392
0.00205532
0.00209583
0.00209368
0.00201517
0.00206802
0.00208095
0.00203488
0.00222794
0.00219489
0.00231648
0.00213472
0.00214523
0.00213408
0.00220274
0.00221728
0.00211677
0.00224097
0.00213175
0.00498451
0.00219368
0.00217914
0.00228087
0.00213706
0.00211075
0.00211942
0.00240075
0.00217278
0.00221488
0.00222033
0.00235946
0.00219874
0.00223358
0.00207645
0.00212357
0.0022243
0.00210725
0.0022382
0.00232814
0.00210316
0.00212334
0.00236833
0.00234922
0.00226305
0.00223251
0.00227268
0.0022837
0.00224472
0.00226435
0.00223659
0.00226743
0.00220664
0.00212296
0.00227988
0.00229068
0.00271987
0.0021797
0.00223373
0.00218092
0.00220107
0.00233678
0.00212411
0.00217045
0.00233341
0.00221946
0.00121392
0.00228731
0.0023292
0.00225991
0.00221761
0.00216839
0.00212289
0.00218561
0.002251
0.00124863
0.00219411
0.00225845
0.00216352
0.00226882
0.00215483
0.00225543
0.0021846
0.00220601
0.002176
0.00211777
0.00218482
0.00217293
0.00204429
0.00198124
0.00213135
0.00210824
0.00210403
0.00204237
0.00215483
0.00209826
0.00236895
0.00209459
0.00223456
0.0022937
0.00215179
0.00219181
0.00204938
0.00277802
0.00213523
0.00211632
0.00212474
0.00260006
0.00208271
0.002224
0.00215431
0.00213189
0.00226191
0.00203316
0.00225682
0.0026836
0.00236125
0.00211029
0.0020665
0.0021629
0.00205328
0.00231235
0.00203068
0.00208785
0.00211369
0.00214381
0.00266601
0.00241485
0.00218499
0.00241571
0.00276976
0.00293791
0.00217519
0.00219562
0.0021683
0.0022099
0.00219601
0.00220008
0.00209843
0.00233389
0.00222533
0.00219023
0.0021559
0.00225994
0.00218273
0.00236083
0.00117521
0.00213625
0.00230353
0.00231669
0.00235079
0.00246284
0.00229692
0.00239049
0.00234758
0.00225313
0.00230295
0.0023418
0.00229719
0.0024092
0.00218237
0.00220657
0.00234056
0.00233577
0.00239894
0.00239249
0.00524474
0.00240664
0.00265962
0.00237365
0.00240811
0.00270977
0.00240121
0.00263935
0.00318482
0.00130312
0.00320423
0.00247926
0.00241139
0.00254249
0.00235746
0.00283282
0.0024291
0.00246833
0.00260069
0.00248108
0.00239696
0.0026985
0.00244556
0.00249084
0.00236179
0.00254628
0.00252802
0.00250245
0.0013216
0.00269381
0.00246534
0.00277967
0.00254032
0.00256621
0.00264846
0.00251951
0.00253522
0.00270578
0.00249986
0.00347492
0.00260439
0.00261319
0.00246192
0.00240312
0.00254206
0.0025385
0.00249082
0.00251603
0.00264222
0.00248048
0.00242128
0.00253446
0.00248155
0.00260462
0.00250976
0.002463
0.00254259
0.00267142
0.00259517
0.00253227
0.00250587
0.00250883
0.00250551
0.00246066
0.00251769
0.00250984
0.0023538
0.00239707
0.0024573
0.00238649
0.00231257
0.00241626
0.00238085
0.00234847
0.00230814
0.00322332
0.00245407
0.00235324
0.00246258
0.00130623
0.00231816
0.00249988
0.00228516
0.00233982
0.0023904
0.00236218
0.00254648
0.00236882
0.00246459
0.00252018
0.00241497
0.00243
0.00229146
0.00233682
0.00240997
