1.4276e-05
7.573e-06
1.0377e-05
2.889e-06
1.1098e-05
3.711e-06
4.493e-06
4.835e-06
4.369e-06
3.258e-06
1.1686e-05
4.059e-06
3.261e-06
3.558e-06
1.1109e-05
3.404e-06
7.133e-06
3.682e-06
4.844e-06
2.765e-06
3.265e-06
4.96e-06
1.9192e-05
3.305e-06
3.232e-06
8.57e-06
3.062e-06
4.183e-06
3.496e-06
4.718e-06
5.353e-06
3.985e-06
5.909e-06
5.758e-06
4.111e-06
3.285e-06
7.588e-06
4.757e-06
2.3698e-05
6.412e-06
5.51e-06
3.006e-06
3.98e-06
3.314e-06
3.559e-06
3.48e-06
3.033e-06
3.463e-06
3.217e-06
6.527e-06
3.525e-06
2.843e-06
3.678e-06
4.522e-06
4.784e-06
2.581e-06
3.174e-06
3.094e-06
4.615e-06
5.454e-06
4.974e-06
4.703e-06
3.027e-06
4.411e-06
5.178e-06
5.903e-06
2.6e-06
4.051e-06
3.307e-06
6.947e-06
5.397e-06
2.662e-06
3.328e-06
4.501e-06
6.648e-06
8.596e-06
4.339e-06
4.102e-06
2.721e-06
3.149e-06
4.466e-06
3.868e-06
3.15e-06
4.872e-06
7.955e-06
5.502e-06
8.131e-06
7.222e-06
4.957e-06
5.644e-06
6.707e-06
5.88e-06
6.199e-06
7.831e-06
5.705e-06
6.593e-06
4.736e-06
5.379e-06
6.052e-06
5.689e-06
3.652e-06
7.39e-06
3.762e-06
3.276e-06
4.493e-06
4.433e-06
4.042e-06
6.612e-06
5.607e-06
3.903e-06
5.554e-06
6.794e-06
6.803e-06
6.91e-06
4.465e-06
3.579e-06
6.157e-06
6.625e-06
3.923e-06
3.585e-06
6.987e-06
4.311e-06
6.638e-06
3.799e-06
4.108e-06
4.531e-06
5.585e-06
4.989e-06
5.988e-06
3.882e-06
4.013e-06
3.668e-06
6.44e-06
7.439e-06
6.462e-06
1.0872e-05
3.705e-06
1.0181e-05
6.183e-06
4.06e-06
3.431e-06
5.004e-06
2.372e-05
7.835e-06
9.133e-06
5.926e-06
5.003e-06
4.169e-06
2.98e-06
3.639e-06
3.31e-06
3.536e-06
3.743e-06
3.446e-06
3.208e-06
2.201e-06
3.081e-06
2.815e-06
3.865e-06
1.9149e-05
4.911e-06
4.694e-06
2.841e-06
5.362e-06
6.593e-06
5.204e-06
5.463e-06
1.4126e-05
9.842e-06
9.747e-06
1.155e-05
5.359e-06
6.433e-06
5.383e-06
3.107e-06
6.702e-06
7.875e-06
5.487e-06
4.39e-06
6.067e-06
1.0286e-05
1.0197e-05
1.0654e-05
1.1697e-05
5.066e-06
1.048e-05
6.266e-06
4.189e-06
9.292e-06
7.054e-06
1.1591e-05
8.865e-06
5.617e-06
4.084e-06
5.109e-06
3.485e-06
3.292e-06
2.0294e-05
3.359e-06
6.128e-06
7.303e-06
4.659e-06
6.434e-06
9.077e-06
4.052e-06
8.424e-06
5.156e-06
1.0439e-05
4.755e-06
6.322e-06
9.496e-06
1.0546e-05
1.5354e-05
8.391e-06
5.958e-06
7.838e-06
6.556e-06
4.088e-06
8.392e-06
8.418e-06
6.116e-06
6.305e-06
4.046e-06
5.262e-06
8.651e-06
4.28e-06
4.019e-06
1.0285e-05
3.4248e-05
6.564e-06
5.363e-06
4.213e-06
6.349e-06
7.395e-06
5.552e-06
1.6242e-05
5.58e-06
7.979e-06
9.866e-06
5.081e-06
4.77e-06
4.027e-06
5.06e-06
3.818e-06
4.802e-06
3.856e-06
4.142e-06
3.58e-06
5.765e-06
9.233e-06
5.58e-06
7.881e-06
3.1e-06
3.918e-06
3.166e-06
4.7e-06
3.242e-06
3.402e-06
3.372e-06
6.069e-06
3.543e-06
4.244e-06
5.119e-06
9.842e-06
5.192e-06
5.789e-06
6.47e-06
4.917e-06
5.789e-06
6.434e-06
4.235e-06
4.959e-06
4.157e-06
2.94e-06
1.3179e-05
3.362e-06
4.668e-06
3.806e-06
5.516e-06
7.186e-06
8.62e-06
8.439e-06
1.0134e-05
1.2886e-05
5.131e-06
4.195e-06
4.941e-06
8.041e-06
4.029e-06
9.319e-06
5.227e-06
4.453e-06
3.261e-06
8.561e-06
9.039e-06
3.564e-06
5.187e-06
3.769e-06
6.806e-06
5.138e-06
2.0882e-05
4.649e-06
4.76e-06
3.876e-06
5.314e-06
3.376e-06
3.639e-06
5.36e-06
2.918e-06
3.32e-06
5.359e-06
1.2342e-05
5.313e-06
4.001e-06
3.999e-06
5.26e-06
3.643e-06
4.712e-06
6.451e-06
5.029e-06
2.693e-06
3.276e-06
4.578e-06
4.69e-06
3.509e-06
3.135e-06
5.666e-06
5.433e-06
4.785e-06
3.776e-06
6.001e-06
3.565e-06
4.807e-06
6.298e-06
3.912e-06
9.513e-06
6.795e-06
5.178e-06
6.08e-06
4.421e-06
4.663e-06
4.759e-06
5.19e-06
7.452e-06
5.48e-06
4.343e-06
7.427e-06
6.582e-06
2.99e-06
2.969e-06
3.772e-06
3.001e-06
5.909e-06
6.513e-06
3.531e-06
3.931e-06
5.838e-06
7.164e-06
3.411e-06
5.306e-06
5.373e-06
2.939e-06
6.802e-06
2.64e-06
5.436e-06
1.9272e-05
3.845e-06
5.096e-06
4.046e-06
3.466e-06
1.1591e-05
5.217e-06
3.55e-06
5.929e-06
6.599e-06
4.25e-06
3.192e-06
4.043e-06
4.378e-06
5.823e-06
4.535e-06
4.507e-06
4.824e-06
4.392e-06
4.363e-06
5.402e-06
3.74e-06
6.117e-06
6.319e-06
4.658e-06
3.748e-06
4.335e-06
5.341e-06
3.923e-06
4.05e-06
4.468e-06
5.583e-06
3.5e-06
3.392e-06
4.708e-06
4.521e-06
7.599e-06
5.646e-06
8.2e-06
4.139e-06
7.323e-06
5.128e-06
3.607e-06
7.116e-06
4.904e-06
3.353e-06
5.28e-06
3.717e-06
6.525e-06
5.365e-06
7.541e-06
3.964e-06
9.217e-06
3.778e-06
3.201e-06
3.806e-06
9.479e-06
5.812e-06
4.678e-06
9.731e-06
9.193e-06
4.377e-06
4.611e-06
7.693e-06
5.015e-06
7.51e-06
4.021e-06
8.226e-06
5.166e-06
4.261e-06
6.483e-06
7.083e-06
3.798e-06
3.152e-06
7.828e-06
6.622e-06
8.836e-06
4.117e-06
9.009e-06
1.1872e-05
6.032e-06
5.157e-06
6.11e-06
6.659e-06
5.557e-06
1.4071e-05
3.749e-06
4.837e-06
4.9e-06
5.147e-06
9.617e-06
6.679e-06
6.529e-06
9.727e-06
7.119e-06
5.364e-06
7.077e-06
4.662e-06
5.958e-06
4.782e-06
5.581e-06
5.01e-06
3.308e-06
3.611e-06
4.97e-06
3.537e-06
2.492e-06
4.178e-06
3.18e-06
4.638e-06
1.2264e-05
5.389e-06
7.042e-06
7.137e-06
3.425e-06
2.851e-06
6.686e-06
2.514e-06
5.957e-06
6.362e-06
9.741e-06
4.931e-06
1.2768e-05
7.997e-06
8.199e-06
5.458e-06
1.0698e-05
8.368e-06
4.475e-06
5.095e-06
5.883e-06
7.638e-06
3.792e-06
8.71e-06
6.231e-06
6.832e-06
3.981e-06
5.417e-06
3.845e-06
7.356e-06
6.992e-06
7.105e-06
6.268e-06
4.316e-06
4.34e-06
6.081e-06
3.478e-06
6.595e-06
3.253e-06
6.35e-06
4.356e-06
2.948e-06
4.361e-06
3.59e-06
6.512e-06
4.123e-06
2.768e-06
9.815e-06
3.966e-06
3.527e-06
3.252e-06
3.4e-06
5.955e-06
3.714e-06
8.248e-06
1.3142e-05
1.4474e-05
6.418e-06
5.966e-06
7.626e-06
4.029e-06
8.425e-06
4.934e-06
3.616e-06
3.19e-06
7.32e-06
7.284e-06
7.746e-06
3.738e-06
6.309e-06
7.462e-06
6.78e-06
5.688e-06
6.069e-06
7.616e-06
5.597e-06
1.9398e-05
3.543e-06
6.155e-06
5.463e-06
5.129e-06
2.0794e-05
1.3176e-05
4.266e-06
3.209e-06
6.354e-06
3.884e-06
3.863e-06
8.051e-06
1.3785e-05
8.444e-06
2.3595e-05
2.925e-06
3.915e-06
7.881e-06
5.04e-06
3.1592e-05
3.652e-06
3.2114e-05
3.63e-06
3.269e-06
2.852e-06
3.72e-06
3.698e-06
2.521e-06
2.958e-06
1.2717e-05
8.805e-06
4.825e-06
1.7905e-05
5.348e-06
3.556e-06
5.196e-06
8.185e-06
6.078e-06
5.247e-06
8.492e-06
1.0572e-05
3.156e-06
3.907e-06
5.041e-06
1.079e-05
3.558e-06
1.0165e-05
5.797e-06
7.004e-06
8.832e-06
2.0172e-05
1.0302e-05
9.876e-06
4.661e-06
5.599e-06
1.0429e-05
1.3059e-05
4.849e-06
5.907e-06
3.588e-06
6.875e-06
1.0076e-05
6.894e-06
1.9248e-05
6.279e-06
9.905e-06
3.874e-06
1.1641e-05
5.484e-06
7.639e-06
7.108e-06
6.914e-06
6.529e-06
5.968e-06
1.8898e-05
4.695e-06
3.967e-06
4.165e-06
6.899e-06
4.556e-06
5.468e-06
3.026e-06
4.927e-06
9.358e-06
4.735e-06
7.596e-06
9.185e-06
6.907e-06
1.8564e-05
7.943e-06
9.003e-06
3.507e-06
5.117e-06
5.01e-06
5.203e-06
4.865e-06
3.605e-06
3.491e-06
7.688e-06
6.906e-06
7.917e-06
8.427e-06
1.4067e-05
9.942e-06
6.123e-06
6.458e-06
6.598e-06
1.0207e-05
7.878e-06
4.685e-06
5.035e-06
3.306e-06
5.151e-06
6.88e-06
6.03e-06
3.25e-06
4.075e-06
5.11e-06
3.088e-06
5.781e-06
6.353e-06
3.428e-06
4.94e-06
3.152e-06
4.17e-06
3.343e-06
4.04e-06
5.117e-06
5.4e-06
3.762e-06
4.281e-06
8.207e-06
3.476e-06
6.347e-06
3.926e-06
6.777e-06
6.21e-06
7.983e-06
5.115e-06
5.278e-06
3.48e-06
4.196e-06
3.701e-06
4.779e-06
3.087e-06
1.044e-05
9.446e-06
7.423e-06
4.579e-06
7.424e-06
4.998e-06
9.107e-06
1.6328e-05
3.417e-06
4.415e-06
1.2606e-05
4.474e-06
6.889e-06
4.547e-06
8.58e-06
6.613e-06
6.753e-06
9.642e-06
8.583e-06
4.935e-06
6.578e-06
7.209e-06
6.675e-06
3.46e-06
7.813e-06
5.785e-06
6.412e-06
6.839e-06
7.177e-06
4.319e-06
5.458e-06
7.836e-06
3.069e-06
5.003e-06
4.194e-06
1.0146e-05
4.843e-06
4.181e-06
6.437e-06
4.244e-06
6.98e-06
6.516e-06
7.089e-06
4.328e-06
4.74e-06
8.666e-06
5.146e-06
6.834e-06
6.816e-06
1.3761e-05
4.158e-06
3.168e-06
1.123e-05
8.914e-06
1.0716e-05
7.85e-06
7.917e-06
3.803e-06
4.027e-06
3.807e-06
9.648e-06
6.659e-06
5.284e-06
8.139e-06
2.2626e-05
1.1567e-05
6.9695e-05
4.76e-06
7.696e-06
2.2703e-05
1.0473e-05
6.911e-06
8.359e-06
4.765e-06
9.256e-06
4.763e-06
5.432e-06
8.113e-06
1.3773e-05
5.784e-06
3.479e-06
1.0928e-05
7.596e-06
1.0303e-05
1.071e-05
4.566e-06
4.817e-06
4.513e-06
5.768e-06
6.731e-06
5.934e-06
3.596e-06
4.187e-06
3.534e-06
4.005e-06
4.809e-06
7.771e-06
3.54e-06
3.265e-06
4.44e-06
5.081e-06
4.833e-06
3.887e-06
4.485e-06
8.397e-06
5.187e-06
6.109e-06
3.251e-06
5.397e-06
6.793e-06
3.768e-06
1.2019e-05
5.449e-06
5.5e-06
8.086e-06
3.613e-06
5.962e-06
5.658e-06
6.395e-06
4.911e-06
1.023e-05
6.846e-06
4.202e-06
8.013e-06
2.888e-06
5.176e-06
1.4543e-05
3.65e-06
5.908e-06
3.651e-06
3.917e-06
1.1394e-05
1.1158e-05
7.964e-06
6.896e-06
2.877e-06
5.836e-06
4.248e-06
4.373e-06
4.296e-06
6.366e-06
5.392e-06
3.804e-06
1.2296e-05
3.281e-06
1.0476e-05
7.494e-06
6.99e-06
1.15e-05
4.576e-06
7.975e-06
7.149e-06
1.2644e-05
1.1811e-05
1.2699e-05
4.125e-06
1.1965e-05
4.701e-06
8.286e-06
7.763e-06
4.293e-06
3.5e-06
3.199e-06
3.357e-06
3.96e-06
4.857e-06
1.0767e-05
5.403e-06
3.209e-06
4.268e-06
1.0404e-05
4.698e-06
6.359e-06
7.488e-06
5.003e-06
3.63e-06
5.803e-06
4.666e-06
1.0439e-05
7.74e-06
5.316e-06
8.496e-06
1.3549e-05
6.27e-06
9.642e-06
5.664e-06
4.16e-06
4.073e-06
7.726e-06
5.862e-06
5.927e-06
3.889e-06
1.1328e-05
6.416e-06
5.785e-06
7.397e-06
6.397e-06
3.499e-06
4.24e-06
9.495e-06
5.958e-06
3.472e-06
3.45e-06
3.875e-06
1.3554e-05
1.0375e-05
8.136e-06
7.383e-06
4.532e-06
5.006e-06
4.947e-06
4.186e-06
6.308e-06
6.743e-06
3.198e-06
3.831e-06
1.3621e-05
3.082e-06
7.868e-06
4.18e-06
5.296e-06
6.105e-06
4.884e-06
6.354e-06
6.46e-06
5.943e-06
5.73e-06
1.8676e-05
5.51e-06
5.57e-06
5.144e-06
5.944e-06
7.709e-06
1.1963e-05
1.2206e-05
4.101e-06
5.62e-06
3.991e-06
3.777e-06
3.681e-06
3.615e-06
8.005e-06
3.754e-06
3.947e-06
4.094e-06
4.976e-06
4.653e-06
6.336e-06
6.078e-06
4.002e-06
3.746e-06
4.583e-06
5.109e-06
6.529e-06
6.912e-06
8.07e-06
4.172e-06
3.673e-06
5.375e-06
4.394e-06
1.0188e-05
3.487e-06
6.311e-06
5.486e-06
5.773e-06
9.304e-06
1.3357e-05
3.648e-06
5.831e-06
3.887e-06
3.966e-06
3.455e-06
3.271e-06
4.794e-06
5.996e-06
4.284e-06
5.402e-06
4.058e-06
5.225e-06
5.173e-06
4.433e-06
5.68e-06
4.275e-06
5.62e-06
8.167e-06
8.641e-06
4.806e-06
2.601e-06
2.707e-06
1.4675e-05
8.131e-06
1.7764e-05
8.738e-06
1.2354e-05
5.8e-06
1.2446e-05
9.382e-06
7.581e-06
5.086e-06
8.79e-06
9.643e-06
4.751e-06
4.984e-06
9.371e-06
7.671e-06
7.831e-06
1.1982e-05
6.613e-06
7.339e-06
1.0614e-05
1.1323e-05
5.795e-06
1.3644e-05
7.612e-06
1.2267e-05
3.681e-06
3.719e-06
3.8e-06
1.0271e-05
4.16e-06
6.97e-06
1.5248e-05
5.556e-06
1.9325e-05
6.648e-06
4.999e-06
5.495e-06
4.336e-06
7.753e-06
6.393e-06
5.424e-06
6.252e-06
6.427e-06
4.497e-06
7.291e-06
4.195e-06
6.879e-06
4.598e-06
6.63e-06
4.41e-06
7.734e-06
4.456e-06
7.332e-06
5.597e-06
1.4261e-05
4.372e-06
9.042e-06
8.324e-06
6.995e-06
4.019e-06
9.373e-06
4.188e-06
7.068e-06
4.072e-06
8.661e-06
6.92e-06
7.187e-06
1.5714e-05
5.957e-06
1.2298e-05
6.715e-06
5.283e-06
6.594e-06
1.118e-05
1.2378e-05
4.477e-06
5.375e-06
3.408e-06
1.8135e-05
9.793e-06
5.163e-06
8.005e-06
8.401e-06
1.452e-05
1.0002e-05
3.921e-06
1.5421e-05
5.792e-06
1.0605e-05
5.695e-06
8.513e-06
1.0068e-05
5.168e-06
1.2687e-05
1.2184e-05
8.78e-06
8.39e-06
1.3989e-05
4.224e-06
3.911e-06
6.545e-06
7.189e-06
1.9557e-05
8.552e-06
8.139e-06
7.171e-06
3.776e-06
1.0269e-05
8.624e-06
5.931e-06
3.921e-06
4.385e-06
1.1395e-05
3.831e-06
6.316e-06
1.8673e-05
1.0056e-05
3.466e-06
4.647e-06
5.029e-06
5.859e-06
8.909e-06
6.668e-06
5.373e-06
4.597e-06
1.9592e-05
4.087e-06
1.2073e-05
4.02e-06
4.324e-06
9.082e-06
4.19e-06
3.749e-06
6.48e-06
4.636e-06
4.431e-06
5.924e-06
5.379e-06
5.461e-06
6.328e-06
8.764e-06
6.178e-06
1.0782e-05
3.2992e-05
4.32e-06
4.987e-06
3.571e-06
8.366e-06
1.2511e-05
1.1881e-05
6.131e-06
6.382e-06
5.811e-06
5.232e-06
4.54e-06
7.764e-06
4.217e-06
7.539e-06
7.438e-06
1.8872e-05
4.697e-06
7.631e-06
4.179e-06
7.948e-06
1.7695e-05
3.687e-06
3.87e-06
7.205e-06
3.198e-06
1.0027e-05
1.9144e-05
6.267e-06
5.083e-06
4.271e-06
7.234e-06
5.38e-06
6.505e-06
4.49e-06
6.022e-06
5.391e-06
8.566e-06
6.485e-06
8.293e-06
6.425e-06
4.714e-06
7.778e-06
3.354e-06
7.998e-06
3.247e-06
5.909e-06
9.173e-06
5.584e-06
6.508e-06
6.632e-06
1.9097e-05
4.02e-06
6.196e-06
7.636e-06
6.244e-06
6.41e-06
5.155e-06
5.293e-06
8.252e-06
5.485e-06
1.2066e-05
3.837e-06
4.051e-06
3.889e-06
7.507e-06
4.62e-06
3.685e-06
4.767e-06
4.403e-06
5.252e-06
6.433e-06
5.211e-06
3.79e-06
4.271e-06
8.209e-06
1.2667e-05
4.46e-06
4.064e-06
3.942e-06
7.08e-06
6.846e-06
4.623e-06
4.02e-06
5.205e-06
3.676e-06
6.297e-06
4.845e-06
5.391e-06
8.122e-06
6.664e-06
8.225e-06
6.475e-06
3.922e-06
1.2507e-05
3.177e-06
3.797e-06
4.247e-06
5.779e-06
5.424e-06
3.317e-06
9.565e-06
4.102e-06
1.4986e-05
4.674e-06
4.804e-06
1.0076e-05
4.833e-06
6.535e-06
8.031e-06
6.772e-06
8.198e-06
7.715e-06
1.8026e-05
6.252e-06
5.812e-06
6.313e-06
3.56e-06
1.5841e-05
3.954e-06
5.83e-06
4.635e-06
6.234e-06
3.38e-06
4.163e-06
7.13e-06
6.465e-06
6.993e-06
1.9568e-05
5.968e-06
6.744e-06
4.057e-06
4.293e-06
6.467e-06
3.738e-06
3.726e-06
4.466e-06
2.0086e-05
4.376e-06
4.723e-06
7.147e-06
5.161e-06
5.052e-06
4.999e-06
8.396e-06
7.035e-06
4.602e-06
4.169e-06
6.97e-06
3.282e-06
5.054e-06
4.551e-06
4.03e-06
5.497e-06
4.437e-06
4.49e-06
5.87e-06
4.069e-06
6.405e-06
6.279e-06
6.845e-06
6.683e-06
4.047e-06
6.179e-06
7.121e-06
4.342e-06
7.398e-06
4.525e-06
3.848e-06
4.583e-06
6.673e-06
6.384e-06
1.1623e-05
6.271e-06
4.762e-06
3.783e-06
6.225e-06
4.662e-06
5.515e-06
5.711e-06
4.063e-06
6.729e-06
5.742e-06
6.616e-06
4.871e-06
1.885e-05
5.528e-06
6.61e-06
5.145e-06
3.934e-06
3.801e-06
2.2159e-05
9.947e-06
6.349e-06
6.543e-06
4.275e-06
3.888e-06
4.688e-06
3.746e-06
8.199e-06
4.49e-06
1.3082e-05
7.738e-06
5.532e-06
4.002e-06
4.772e-06
1.0368e-05
1.3986e-05
4.911e-06
1.921e-05
1.9216e-05
4.254e-06
8.19e-06
8.816e-06
7.621e-06
5.441e-06
5.557e-06
6.063e-06
2.2748e-05
5.14e-06
5.563e-06
4.64e-06
4.152e-06
5.738e-06
5.034e-06
4.314e-06
6.48e-06
6.684e-06
6.651e-06
4.637e-06
3.651e-06
4.311e-06
4.664e-06
1.2723e-05
4.503e-06
7.348e-06
3.692e-06
6.162e-06
5.916e-06
3.975e-06
4.421e-06
8.177e-06
4.59e-06
5.478e-06
1.9345e-05
4.669e-06
6.707e-06
5.767e-06
4.384e-06
4.611e-06
4.26e-06
6.761e-06
5.501e-06
6.585e-06
3.913e-06
7.215e-06
6.882e-06
5.018e-06
8.713e-06
8.274e-06
4.07e-06
4.757e-06
1.9547e-05
4.983e-06
7.217e-06
4.775e-06
1.0903e-05
1.3348e-05
4.364e-06
4.026e-06
4.179e-06
5.196e-06
3.908e-06
4.236e-06
4.808e-06
7.005e-06
4.089e-06
6.514e-06
6.777e-06
5.633e-06
6.06e-06
4.372e-06
6.221e-06
4.613e-06
4.523e-06
5.05e-06
4.323e-06
4.033e-06
4.248e-06
1.0154e-05
5.942e-06
5.361e-06
8.174e-06
3.991e-06
6.181e-06
7.431e-06
1.4322e-05
7.312e-06
1.99e-05
3.641e-06
4.874e-06
4.416e-06
4.633e-06
4.294e-06
5.117e-06
5.901e-06
4.271e-06
5.612e-06
2.0448e-05
5.299e-06
4.994e-06
8.001e-06
2.919e-06
1.3729e-05
4.033e-06
7.682e-06
4.718e-06
7.63e-06
3e-06
5.856e-06
4.12e-06
4.769e-06
8.766e-06
4.547e-06
3.972e-06
8.484e-06
5.574e-06
6.852e-06
6.783e-06
6.158e-06
4.773e-06
9.615e-06
6.593e-06
4.441e-06
5.552e-06
4.525e-06
4.116e-06
4.497e-06
5.099e-06
3.846e-06
6.012e-06
5.334e-06
4.246e-06
4.022e-06
5.621e-06
1.9176e-05
6.152e-06
4.489e-06
6.774e-06
4.621e-06
5.99e-06
4.146e-06
3.451e-06
1.7683e-05
4.005e-06
1.6226e-05
3.09e-06
3.671e-06
5.121e-06
7.163e-06
5.942e-06
1.045e-05
1.9065e-05
4.053e-06
5.342e-06
4.664e-06
3.496e-06
4.645e-06
3.45e-06
5.929e-06
8.187e-06
3.972e-06
7.745e-06
3.798e-06
5.747e-06
6.89e-06
6.83e-06
4.483e-06
7.407e-06
9.688e-06
5.125e-06
5.907e-06
1.5096e-05
6.781e-06
4.286e-06
5.976e-06
5.626e-06
6.915e-06
6.059e-06
6.836e-06
4.194e-06
4.417e-06
4.616e-06
4.505e-06
6.235e-06
1.9315e-05
4.696e-06
4.639e-06
7.291e-06
5.552e-06
3.888e-06
5.057e-06
3.993e-06
3.774e-06
4.384e-06
5.399e-06
5.894e-06
1.5683e-05
5.472e-06
1.0226e-05
7.011e-06
4.152e-06
4.15e-06
4.189e-06
4.189e-06
3.49e-06
1.0586e-05
5.67e-06
3.826e-06
6.608e-06
8.025e-06
1.0273e-05
4.976e-06
7.204e-06
4.769e-06
6.384e-06
6.1e-06
9.907e-06
4.665e-06
2.7042e-05
8.388e-06
1.3014e-05
6.794e-06
1.0266e-05
8.446e-06
4.672e-06
8.242e-06
3.795e-06
3.371e-06
3.748e-06
1.5541e-05
4.397e-06
7.086e-06
6.37e-06
8.552e-06
6.523e-06
2.0256e-05
9.103e-06
7.074e-06
1.1419e-05
4.18e-06
5.149e-06
4.825e-06
9.377e-06
8.212e-06
7.964e-06
4.81e-06
3.978e-06
4.003e-06
4.735e-06
5.065e-06
5.825e-06
9.153e-06
6.983e-06
7.809e-06
4.4e-06
5.543e-06
6.54e-06
6.846e-06
4.128e-06
4.606e-06
6.48e-06
5.71e-06
6.378e-06
4.667e-06
4.64e-06
4.249e-06
5.275e-06
3.7651e-05
6.401e-06
5.793e-06
6.47e-06
5.845e-06
5.696e-06
6.822e-06
4.063e-06
9.415e-06
5.454e-06
4.243e-06
6.182e-06
5.18e-06
8.023e-06
5.953e-06
3.952e-06
6.012e-06
4.218e-06
7.257e-06
4.611e-06
5.673e-06
4.372e-06
7.198e-06
7.358e-06
4.687e-06
5.596e-06
3.795e-06
4.895e-06
1.1312e-05
3.519e-06
5.671e-06
3.97e-06
3.561e-06
7.681e-06
4.023e-06
6.899e-06
6.102e-06
7.666e-06
4.659e-06
7.369e-06
4.552e-06
6.342e-06
6.919e-06
6.787e-06
8.982e-06
6.374e-06
5.076e-06
7.801e-06
6.205e-06
1.0059e-05
7.446e-06
4.677e-06
6.411e-06
2.189e-05
4.249e-06
1.9073e-05
5.152e-06
7.75e-06
6.367e-06
5.814e-06
7.624e-06
5.383e-06
4.426e-06
3.892e-06
4.207e-06
5.413e-06
4.959e-06
6.207e-06
4.14e-06
1.4427e-05
4.454e-06
1.6537e-05
4.38e-06
4.685e-06
9.434e-06
1.2335e-05
4.207e-06
4.9e-06
6.175e-06
3.614e-06
1.014e-05
6.169e-06
4.406e-06
5.259e-06
1.1083e-05
2.7002e-05
5.265e-06
6.393e-06
7.134e-06
6.514e-06
6.009e-06
6.147e-06
6.627e-06
3.463e-06
5.262e-06
4.59e-06
6.58e-06
5.615e-06
6.023e-06
3.805e-06
7.115e-06
4.824e-06
5.657e-06
4.471e-06
4.53e-06
7.032e-06
6.042e-06
4.49e-06
2.1154e-05
7.818e-06
6.38e-06
8.947e-06
7.808e-06
4.507e-06
9.181e-06
4.544e-06
4.53e-06
3.695e-06
7.941e-06
4.863e-06
4.654e-06
1.1326e-05
6.612e-06
6.748e-06
7.406e-06
3.992e-06
4.504e-06
1.9575e-05
6.661e-06
4.087e-06
3.725e-06
5.679e-06
9.567e-06
9.743e-06
6.085e-06
5.866e-06
4.105e-06
7.16e-06
6.929e-06
8.896e-06
6.365e-06
5.784e-06
8.114e-06
6.725e-06
4.166e-06
4.084e-06
7.397e-06
7.057e-06
5.098e-06
1.9688e-05
5.356e-06
4.839e-06
3.998e-06
4.343e-06
4.557e-06
5.888e-06
4.628e-06
4.034e-06
4.456e-06
3.654e-06
5.936e-06
1.225e-05
5.282e-06
4.332e-06
4.493e-06
4.176e-06
4.816e-06
4.441e-06
6.54e-06
5.141e-06
4.264e-06
8.684e-06
4.155e-06
4.338e-06
4.111e-06
5.285e-06
3.945e-06
4.807e-06
9.29e-06
6.724e-06
4.678e-06
4.457e-06
4.658e-06
6.331e-06
5.958e-06
7.827e-06
4.703e-06
6.309e-06
2.2974e-05
8.471e-06
3.7062e-05
6.038e-06
5.063e-06
5.99e-06
3.151e-06
4.348e-06
3.742e-06
5.256e-06
6.553e-06
4.32e-06
5.951e-06
5.927e-06
3.469e-06
8.269e-06
7.075e-06
4.042e-06
4.397e-06
4.443e-06
3.952e-06
1.0594e-05
6.164e-06
4.616e-06
3.773e-06
4.105e-06
3.773e-06
3.26e-06
5.592e-06
5.699e-06
3.2881e-05
9.045e-06
4.312e-06
2.891e-06
3.568e-06
6.1e-06
4.114e-06
3.252e-06
5.339e-06
3.851e-06
3.693e-06
3.94e-06
2.9083e-05
5.254e-06
8.575e-06
7.759e-06
3.705e-06
5.703e-06
4.931e-06
5.958e-06
6.576e-06
3.305e-06
7.218e-06
4.489e-06
5.25e-06
6.28e-06
7.419e-06
7.868e-06
5.606e-06
4e-06
5.664e-06
5.109e-06
9.677e-06
5.06e-06
7.153e-06
5.36e-06
6.418e-06
5.339e-06
5.083e-06
5.675e-06
7.553e-06
5.29e-06
6.21e-06
3.852e-06
3.498e-06
7.285e-06
5.586e-06
3.96e-06
4.003e-06
4.288e-06
4.094e-06
5.323e-06
5.835e-06
4.685e-06
3.996e-06
5.435e-06
3.945e-06
8.83e-06
5.259e-06
3.668e-06
5.562e-06
5.591e-06
8.003e-06
8.602e-06
5.357e-06
4.765e-06
4.782e-06
3.424e-06
4.526e-06
5.381e-06
5.682e-06
4.576e-06
8.213e-06
2.1777e-05
6.189e-06
5.641e-06
5.256e-06
6.586e-06
5.902e-06
4.126e-06
5.339e-06
5.016e-06
4.863e-06
6.424e-06
4.049e-06
4.919e-06
1.7703e-05
3.888e-06
5.482e-06
3.963e-06
3.012e-06
3.851e-06
2.534e-06
7.89e-06
5.497e-06
4.278e-06
4.181e-06
3.619e-06
5.227e-06
4.473e-06
5.775e-06
8.197e-06
3.464e-06
3.702e-06
1.2201e-05
5.482e-06
5.138e-06
5.102e-06
6.7e-06
4.213e-06
5.888e-06
7.073e-06
8.725e-06
3.679e-06
3.717e-06
3.895e-06
8.742e-06
1.2e-05
6.643e-06
5.552e-06
4.161e-06
5.081e-06
1.2075e-05
4.981e-06
7.247e-06
6.422e-06
1.6101e-05
6.825e-06
8.277e-06
7.64e-06
4.923e-06
4.031e-06
1.1631e-05
4.958e-06
1.5765e-05
2.643e-06
3.612e-06
3.017e-06
3.592e-06
3.295e-06
2.0117e-05
3.856e-06
3.604e-06
3.189e-06
5.111e-06
5.255e-06
3.853e-06
5.511e-06
5.227e-06
3.651e-06
3.511e-06
3.408e-06
9.497e-06
1.0377e-05
5.172e-06
4.22e-06
1.1754e-05
3.631e-06
7.121e-06
3.836e-06
7.743e-06
4.699e-06
5.806e-06
4.998e-06
7.377e-06
5.837e-06
4.074e-06
4.2e-06
3.663e-06
4.071e-06
9.237e-06
4.571e-06
6.422e-06
4.362e-06
1.8971e-05
5.229e-06
3.468e-06
4.707e-06
9.392e-06
3.492e-06
4.13e-06
3.51e-06
4.147e-06
7.505e-06
4.717e-06
3.525e-06
6.123e-06
4.136e-06
3.773e-06
3.548e-06
3.943e-06
5.041e-06
3.795e-06
3.434e-06
5.684e-06
3.72e-06
6.166e-06
6.571e-06
4.777e-06
4.917e-06
4.236e-06
3.165e-06
3.66e-06
3.494e-06
3.485e-06
3.766e-06
5.252e-06
3.634e-06
4.433e-06
3.499e-06
3.561e-06
6.669e-06
5.709e-06
3.736e-06
5.708e-06
5.23e-06
4.8e-06
7.241e-06
3.747e-06
3.88e-06
5.242e-06
6.074e-06
3.994e-06
4.049e-06
7.533e-06
5.257e-06
4.176e-06
6.289e-06
6.788e-06
6.409e-06
6.721e-06
5.999e-06
6.207e-06
3.688e-06
3.875e-06
1.0562e-05
5.003e-06
3.781e-06
3.492e-06
4.377e-06
6.771e-06
3.452e-06
3.192e-06
5.324e-06
6.245e-06
4.871e-06
7.257e-06
6.149e-06
3.891e-06
4.296e-06
3.758e-06
3.504e-06
3.319e-06
3.348e-06
4.64e-06
3.738e-06
3.546e-06
3.364e-06
3.192e-06
4.115e-06
5.435e-06
3.586e-06
3.499e-06
3.645e-06
4.576e-06
5.522e-06
7.253e-06
3.629e-06
4.157e-06
9.212e-06
2.557e-06
3.641e-06
3.616e-06
3.501e-06
5.188e-06
5.869e-06
5.211e-06
4.253e-06
4.4e-06
5.861e-06
3.637e-06
3.614e-06
3.821e-06
5.322e-06
5.461e-06
3.921e-06
7.724e-06
5.819e-06
6.624e-06
5.36e-06
3.559e-06
4.704e-06
5.287e-06
6.765e-06
5.452e-06
9.034e-06
5.182e-06
7.406e-06
4.696e-06
3.962e-06
3.916e-06
6.491e-06
1.2369e-05
5.346e-06
3.06e-06
6.124e-06
8.386e-06
6.803e-06
7.929e-06
3.843e-06
3.642e-06
6.144e-06
5.555e-06
5.596e-06
5.472e-06
4.869e-06
5.239e-06
7.362e-06
6.367e-06
4.444e-06
6.14e-06
9.208e-06
1.4317e-05
7.678e-06
5.223e-06
1.3944e-05
1.3445e-05
1.0607e-05
6.307e-06
9.786e-06
1.5166e-05
5.428e-06
8.549e-06
6.323e-06
6.078e-06
1.0064e-05
6.065e-06
1.6157e-05
2.1485e-05
8.658e-06
4.515e-06
4.485e-06
1.4787e-05
8.375e-06
9.559e-06
6.185e-06
5.495e-06
8.653e-06
7.109e-06
1.3542e-05
1.1335e-05
1.2375e-05
8.597e-06
1.2106e-05
4.757e-06
4.991e-06
4.544e-06
6.072e-06
5.826e-06
6.282e-06
4.929e-06
4.877e-06
6.382e-06
7.557e-06
3.753e-06
1.068e-05
7.621e-06
4.016e-06
6.266e-06
4.52e-06
1.1677e-05
6.158e-06
7.957e-06
9.125e-06
4.325e-06
3.717e-06
5.992e-06
4.776e-06
5.05e-06
4.286e-06
5.155e-06
6.023e-06
1.8568e-05
5.87e-06
4.682e-06
8.725e-06
4.654e-06
3.326e-06
6.146e-06
5.947e-06
4.586e-06
5.199e-06
3.44e-06
6.656e-06
3.042e-06
3.744e-06
7.449e-06
5.504e-06
6.112e-06
6.177e-06
5.175e-06
7.478e-06
5.999e-06
5.715e-06
4.905e-06
1.6538e-05
4.177e-06
4.449e-06
3.067e-06
3.719e-06
4.836e-06
5.429e-06
4.797e-06
4.803e-06
6.563e-06
3.802e-06
5.964e-06
3.439e-06
6.811e-06
3.149e-06
5.011e-06
7.15e-06
3.485e-06
6.833e-06
3.942e-06
4.072e-06
7.684e-06
4.141e-06
3.28e-06
5.031e-06
1.0293e-05
4.037e-06
4.829e-06
4.509e-06
6.043e-06
6.087e-06
5.302e-06
6.041e-06
4.833e-06
7.214e-06
7.621e-06
4.892e-06
4.508e-06
7.035e-06
3.211e-06
3.049e-06
3.36e-06
4.183e-06
5.694e-06
5.244e-06
3.401e-06
3.114e-06
3.677e-06
5.123e-06
5.274e-06
7.713e-06
4.341e-06
4.769e-06
3.049e-06
1.2648e-05
4.833e-06
3.565e-06
3.525e-06
4.603e-06
2.786e-06
3.046e-06
8.543e-06
3.929e-06
3.336e-06
3.866e-06
4.242e-06
3.333e-06
5.531e-06
3.253e-06
6.811e-06
4.176e-06
5.629e-06
5.595e-06
5.034e-06
5.622e-06
5.768e-06
4.915e-06
3.899e-06
4.443e-06
5.482e-06
4.783e-06
3.566e-06
1.5761e-05
4.674e-06
7.753e-06
3.911e-06
5.737e-06
5.805e-06
5.484e-06
6.115e-06
5.853e-06
4.938e-06
7.043e-06
5.816e-06
1.3432e-05
4.285e-06
3.513e-06
3.133e-06
7.978e-06
7.14e-06
5.025e-06
5.015e-06
3.407e-06
5.079e-06
4.093e-06
8.475e-06
7.593e-06
1.4238e-05
3.492e-06
7.206e-06
3.251e-06
4.422e-06
3.475e-06
3.872e-06
1.6814e-05
5.511e-06
3.499e-06
3.514e-06
4.394e-06
4.537e-06
4.732e-06
3.579e-06
5.274e-06
7.627e-06
5.489e-06
4.043e-06
3.689e-06
4.679e-06
5.247e-06
3.732e-06
4.116e-06
3.56e-06
3.253e-06
3.53e-06
6.794e-06
6.037e-06
3.396e-06
1.0762e-05
3.604e-06
6.938e-06
5.807e-06
3.838e-06
4.313e-06
3.723e-06
4.635e-06
4.693e-06
4.465e-06
4.534e-06
4.546e-06
5.946e-06
3.838e-06
3.698e-06
3.303e-06
4.989e-06
5.472e-06
4.227e-06
5.02e-06
2.0025e-05
3.01e-06
6.164e-06
5.776e-06
5.879e-06
6.351e-06
6.412e-06
8.693e-06
9.74e-06
5.054e-06
3.669e-06
5.833e-06
6.167e-06
1.39e-05
1.2401e-05
4.019e-06
6.897e-06
9.302e-06
6.058e-06
1.218e-05
1.2344e-05
4.385e-06
4.907e-06
7.835e-06
1.1295e-05
4.679e-06
3.816e-06
4.665e-06
4.964e-06
5.615e-06
2.185e-05
5.166e-06
6.473e-06
3.192e-06
1.8669e-05
3.404e-06
3.638e-06
5.557e-06
3.782e-06
5.983e-06
6.263e-06
5.945e-06
5.473e-06
7.581e-06
4.279e-06
3.784e-06
8.618e-06
5.244e-06
6.573e-06
3.349e-06
4.84e-06
7.406e-06
7.789e-06
1.0331e-05
5.577e-06
1.1048e-05
8.083e-06
3.339e-06
3.315e-06
1.2901e-05
4.54e-06
5.179e-06
4.483e-06
9.566e-06
4.745e-06
3.86e-06
4.236e-06
5.805e-06
1.0556e-05
4.543e-06
5.667e-06
3.469e-06
9.447e-06
4.209e-06
6.246e-06
3.944e-06
3.241e-06
2.633e-06
4.825e-06
4.077e-06
9.09e-06
1.0872e-05
3.943e-06
6.908e-06
3.716e-06
5.608e-06
5.144e-06
6.896e-06
5.46e-06
5.342e-06
4.646e-06
3.697e-06
3.784e-06
9.731e-06
7.353e-06
6.939e-06
5.776e-06
8.795e-06
5.193e-06
4.189e-06
7.567e-06
5.244e-06
9.808e-06
4.652e-06
4.027e-06
5.591e-06
4.769e-06
4.447e-06
7.265e-06
5.662e-06
4.509e-06
5.387e-06
5.927e-06
4.833e-06
7.837e-06
5.778e-06
4.834e-06
4.542e-06
5.593e-06
6.084e-06
5.891e-06
1.2346e-05
1.0219e-05
4.726e-06
6.591e-06
7.828e-06
6.415e-06
5.054e-06
4.777e-06
1.0475e-05
6.334e-06
1.1474e-05
8.181e-06
1.2523e-05
1.0386e-05
4.065e-06
4.265e-06
4.418e-06
7.19e-06
1.9072e-05
7.417e-06
4.019e-06
3.183e-06
8.431e-06
1.454e-05
6.049e-06
4.384e-06
4.737e-06
3.072e-06
5.046e-06
3.597e-06
7.619e-06
5.575e-06
5.702e-06
5.47e-06
3.261e-06
3.809e-06
4.411e-06
4.926e-06
4.061e-06
4.25e-06
6.829e-06
4.716e-06
6.216e-06
5.347e-06
4.398e-06
4.086e-06
4.246e-06
4.88e-06
6.436e-06
5.353e-06
3.941e-06
6.543e-06
4.775e-06
4.266e-06
4.095e-06
1.2069e-05
5.418e-06
2.749e-06
7.048e-06
7.341e-06
7.247e-06
7.612e-06
6.154e-06
5.754e-06
5.086e-06
5.664e-06
4.949e-06
4.183e-06
7.332e-06
6.665e-06
5.278e-06
5.015e-06
4.888e-06
4.921e-06
4.638e-06
3.931e-06
4.22e-06
5.398e-06
4.163e-06
4.088e-06
4.003e-06
4.902e-06
6.927e-06
3.282e-06
3.499e-06
4.189e-06
4.127e-06
3.321e-06
4.228e-06
3.3e-06
3.329e-06
3.658e-06
5.414e-06
3.858e-06
3.423e-06
4.845e-06
3.329e-06
4.139e-06
3.07e-06
3.561e-06
6.785e-06
5.75e-06
5.02e-06
3.375e-06
3.717e-06
4.311e-06
4.747e-06
4.563e-06
6.166e-06
1.4361e-05
7.416e-06
3.863e-06
3.962e-06
2.473e-06
4.895e-06
3.988e-06
4.197e-06
3.619e-06
3.237e-06
5.895e-06
7.635e-06
4.652e-06
6.155e-06
6.719e-06
3.774e-06
3.423e-06
4.386e-06
4.752e-06
3.932e-06
8.508e-06
6.972e-06
6.288e-06
4.759e-06
4.314e-06
5.932e-06
4.538e-06
4.994e-06
5.995e-06
3.265e-06
4.257e-06
5.912e-06
4.79e-06
4.379e-06
4.206e-06
6.989e-06
5.152e-06
6.25e-06
6.343e-06
4.279e-06
4.816e-06
5.498e-06
4.17e-06
3.559e-06
9.592e-06
4.573e-06
3.286e-06
2.916e-06
3.617e-06
5.171e-06
5.668e-06
4.944e-06
4.106e-06
5.648e-06
5.08e-06
5.946e-06
4.479e-06
6.407e-06
5.154e-06
2.904e-06
5.763e-06
3.968e-06
3.452e-06
4.169e-06
6.797e-06
3.153e-06
4.129e-06
3.299e-06
3.2e-06
3.764e-06
5.133e-06
4.245e-06
3.427e-06
3.658e-06
5.568e-06
2.665e-06
5.408e-06
6.539e-06
5.338e-06
5.833e-06
4.524e-06
3.83e-06
3.96e-06
4.421e-06
6.351e-06
3.428e-06
4.192e-06
3.236e-06
5.301e-06
3.509e-06
3.161e-06
3.271e-06
3.815e-06
3.828e-06
8.323e-06
4.544e-06
4.106e-06
5.172e-06
5.236e-06
4.522e-06
4.864e-06
4.633e-06
5.825e-06
5.014e-06
6.345e-06
5.798e-06
4.818e-06
4.068e-06
3.794e-06
5.159e-06
3.659e-06
7.376e-06
6.583e-06
9.768e-06
5.565e-06
1.962e-05
6.528e-06
5.177e-06
3.385e-06
3.117e-06
3.704e-06
4.252e-06
3.518e-06
4.674e-06
2.713e-06
5.706e-06
7.965e-06
6.41e-06
3.652e-06
2.815e-06
1.0085e-05
4.694e-06
4.511e-06
9.743e-06
3.361e-06
5.62e-06
4.902e-06
1.1118e-05
1.2602e-05
4.368e-06
3.878e-06
6.904e-06
1.1049e-05
5.606e-06
1.0125e-05
5.802e-06
6.246e-06
9.793e-06
4.349e-06
4.041e-06
6.108e-06
4.74e-06
4.143e-06
5.992e-06
4.217e-06
5.095e-06
3.516e-06
3.396e-06
6.092e-06
4.113e-06
3.818e-06
5.019e-06
4.395e-06
6.581e-06
1.1696e-05
5.802e-06
7.596e-06
6.243e-06
3.735e-06
5.16e-06
8.635e-06
6.08e-06
5.22e-06
7.747e-06
4.935e-06
1.3205e-05
6.396e-06
5.241e-06
5.273e-06
4.517e-06
3.292e-06
3.783e-06
4.511e-06
5.037e-06
4.425e-06
7.862e-06
7.78e-06
7.929e-06
6.028e-06
4.04e-06
7.309e-06
5.345e-06
7.282e-06
5.55e-06
7.865e-06
4e-06
3.606e-06
8.405e-06
3.927e-06
1.5584e-05
5.965e-06
3.661e-06
3.296e-06
3.695e-06
4.234e-06
5.1e-06
3.583e-06
5.294e-06
4.021e-06
3.609e-06
4.056e-06
8.474e-06
3.458e-06
5.491e-06
5.251e-06
5.34e-06
5.382e-06
7.781e-06
3.593e-06
7.651e-06
4.583e-06
3.295e-06
7.945e-06
4.315e-06
4.626e-06
4.476e-06
3.825e-06
6.255e-06
3.85e-06
4.601e-06
4.301e-06
5.529e-06
3.996e-06
4.557e-06
2.854e-06
4.443e-06
3.375e-06
3.408e-06
3.214e-06
5.18e-06
6.589e-06
3.577e-06
5.424e-06
5.276e-06
3.262e-06
3.379e-06
3.209e-06
4.863e-06
1.0017e-05
4.619e-06
4.146e-06
2.859e-06
7.036e-06
4.967e-06
6.322e-06
6.345e-06
7.699e-06
3.769e-06
4.743e-06
4.032e-06
3.123e-06
5.885e-06
3.691e-06
3.637e-06
3.529e-06
3.423e-06
4.576e-06
6.111e-06
3.263e-06
3.438e-06
4.122e-06
5.356e-06
5.838e-06
7.57e-06
4.241e-06
4.572e-06
4.079e-06
3.814e-06
6.552e-06
2.668e-06
2.91e-06
3.104e-06
4.691e-06
4.505e-06
8.249e-06
5.984e-06
5.044e-06
3.667e-06
3.893e-06
2.895e-06
3.655e-06
4.284e-06
3.982e-06
4.557e-06
4.495e-06
3.134e-06
4.226e-06
3.92e-06
3.63e-06
3.585e-06
5.163e-06
3.607e-06
5.492e-06
4.68e-06
3.272e-06
8.983e-06
3.684e-06
5.92e-06
7.333e-06
4.836e-06
3.398e-06
6.467e-06
3.542e-06
3.817e-06
3.823e-06
3.511e-06
3.446e-06
5.603e-06
3.4e-06
4.043e-06
5.438e-06
3.425e-06
3.715e-06
4.217e-06
6.48e-06
5.277e-06
3.114e-06
5.626e-06
4.655e-06
3.203e-06
3.611e-06
4.06e-06
4.86e-06
2.995e-06
5.014e-06
5.03e-06
3.213e-06
3.559e-06
5.037e-06
4.308e-06
2.752e-06
3.276e-06
4.962e-06
3.867e-06
3.731e-06
2.975e-06
3.527e-06
3.448e-06
3.064e-06
4.962e-06
3.194e-06
3.526e-06
4.959e-06
5.363e-06
2.566e-06
2.882e-06
5.382e-06
3.741e-06
3.757e-06
2.721e-06
3.538e-06
3.108e-06
5.065e-06
6.99e-06
4.979e-06
4.337e-06
4.035e-06
4.665e-06
4.505e-06
3.279e-06
3.128e-06
5.517e-06
3.675e-06
8.677e-06
5.915e-06
5.296e-06
3.23e-06
4.544e-06
3.51e-06
4.404e-06
3.703e-06
8.032e-06
7.701e-06
5.004e-06
7.225e-06
1.048e-05
3.251e-06
3.282e-06
5.115e-06
6.769e-06
3.255e-06
3.23e-06
7.925e-06
1.0743e-05
3.17e-06
3.755e-06
3.114e-06
3.125e-06
6.11e-06
4.221e-06
3.19e-06
4.153e-06
3.532e-06
3.388e-06
4.519e-06
3.526e-06
3.938e-06
3.929e-06
3.798e-06
4.381e-06
2.97e-06
3.179e-06
3.938e-06
3.272e-06
3.618e-06
6.173e-06
6.202e-06
3.436e-06
6.515e-06
4.82e-06
4.808e-06
8.146e-06
3.48e-06
7.987e-06
3.609e-06
4.042e-06
5.732e-06
7.181e-06
4.501e-06
7.83e-06
5.832e-06
3.365e-06
1.1131e-05
5.134e-06
6.383e-06
4.681e-06
3.355e-06
4.372e-06
5.303e-06
3.779e-06
4.985e-06
4.831e-06
3.981e-06
8.845e-06
6.212e-06
6.339e-06
7.881e-06
3.345e-06
4.226e-06
5.762e-06
3.188e-06
1.0903e-05
5.4e-06
5.603e-06
8.164e-06
7.859e-06
4.958e-06
9.271e-06
4.738e-06
6.756e-06
3.467e-06
4.638e-06
6.203e-06
7.971e-06
7.002e-06
3.554e-06
8.674e-06
8.146e-06
3.836e-06
7.794e-06
4.326e-06
6.799e-06
6.027e-06
1.5402e-05
9.021e-06
5.039e-06
8.475e-06
5.454e-06
1.4179e-05
3.388e-06
4.19e-06
5.845e-06
6.413e-06
4.884e-06
1.133e-05
5.227e-06
7.88e-06
8.243e-06
1.5256e-05
6.218e-06
5.031e-06
1.2329e-05
7.049e-06
4.854e-06
4.88e-06
4.724e-06
6.206e-06
3.997e-06
7.738e-06
4.507e-06
1.0858e-05
6.837e-06
1.0588e-05
2.442e-06
3.974e-06
1.1009e-05
8.392e-06
3.581e-06
3.227e-06
5.042e-06
3.877e-06
2.949e-06
9.897e-06
8.641e-06
1.6305e-05
3.68e-06
6.021e-06
7.615e-06
3.315e-06
5.094e-06
5.138e-06
4.328e-06
5.559e-06
4.012e-06
4.473e-06
3.956e-06
4.985e-06
4.581e-06
5.119e-06
4.801e-06
3.757e-06
8.365e-06
3.259e-06
4.078e-06
7.359e-06
3.966e-06
5.793e-06
4.484e-06
4.81e-06
5.566e-06
7.739e-06
4.999e-06
3.71e-06
5.751e-06
5.225e-06
6.286e-06
6.974e-06
3.135e-06
5.678e-06
1.3005e-05
4.25e-06
4.101e-06
4.132e-06
9.819e-06
2.878e-06
6.054e-06
6.433e-06
5.075e-06
5.629e-06
7.139e-06
3.694e-06
4.701e-06
5.279e-06
1.0207e-05
8.116e-06
7.517e-06
3.304e-06
8.602e-06
2.819e-06
4.03e-06
6.129e-06
2.7821e-05
6.594e-06
5.905e-06
5.914e-06
8.416e-06
6.605e-06
5.052e-06
3.345e-06
5.395e-06
3.685e-06
4.434e-06
6.12e-06
2.952e-06
3.983e-06
3.564e-06
8.416e-06
3.073e-06
5.824e-06
1.1065e-05
6.57e-06
8.512e-06
6.88e-06
5.842e-06
6.07e-06
4.72e-06
5.936e-06
1.2231e-05
4.662e-06
4.24e-06
1.729e-05
6.932e-06
3.794e-06
7.34e-06
1.478e-05
9.28e-06
7.468e-06
6.698e-06
4.328e-06
8.182e-06
4.609e-06
6.119e-06
6.838e-06
5.138e-06
3.851e-06
2.905e-06
1.5171e-05
4.657e-06
1.2289e-05
1.6685e-05
5.198e-06
8.709e-06
5.965e-06
6.867e-06
9.625e-06
1.1362e-05
7.264e-06
7.032e-06
5.63e-06
6.908e-06
5.615e-06
1.0281e-05
8.337e-06
6.326e-06
7.146e-06
5.137e-06
3.463e-06
4.353e-06
3.676e-06
1.0391e-05
4.968e-06
1.3313e-05
1.1667e-05
9.217e-06
4.405e-06
5.1e-06
1.0062e-05
6.082e-06
4.56e-06
1.3599e-05
1.3002e-05
9.673e-06
1.0242e-05
6.307e-06
7.587e-06
6.44e-06
1.1605e-05
6.159e-06
8.103e-06
9.989e-06
2.0843e-05
9.287e-06
9.227e-06
8.942e-06
1.0789e-05
7.235e-06
6.263e-06
6.97e-06
7.759e-06
1.0812e-05
5.598e-06
5.02e-06
4.059e-06
5.595e-06
9.434e-06
5.603e-06
5.545e-06
6.251e-06
4.586e-06
1.54e-05
4.757e-06
2.92e-06
4.198e-06
3.574e-06
5.482e-06
2.617e-06
4.884e-06
1.1435e-05
5.688e-06
6.786e-06
6.515e-06
7.68e-06
4.03e-06
4.424e-06
4.814e-06
5.918e-06
8.766e-06
5.355e-06
9.133e-06
4.431e-06
8.067e-06
3.387e-06
3.746e-06
7.401e-06
6.14e-06
7.372e-06
4.884e-06
4.334e-06
4.611e-06
5.244e-06
7.377e-06
8.891e-06
7.371e-06
7.84e-06
5.635e-06
1.8072e-05
6.492e-06
3.887e-06
5.378e-06
9.562e-06
6.746e-06
1.2069e-05
1.2295e-05
5.868e-06
5.744e-06
9.2e-06
6.885e-06
7.305e-06
7.485e-06
1.0738e-05
4.218e-06
4.733e-06
3.674e-06
9.686e-06
8.858e-06
4.456e-06
5.376e-06
1.2643e-05
4.798e-06
8.419e-06
3.62e-06
3.904e-06
1.2075e-05
7.207e-06
3.953e-06
8.764e-06
1.2906e-05
1.0394e-05
1.2417e-05
7.652e-06
5.17e-06
9.433e-06
6.399e-06
9.67e-06
3.715e-06
5.865e-06
5.918e-06
1.7149e-05
4.103e-06
1.0581e-05
8.56e-06
6.615e-06
8.062e-06
5.84e-06
9.473e-06
5.245e-06
5.29e-06
4.212e-06
1.0759e-05
5.391e-06
7.868e-06
1.1991e-05
9.397e-06
6.616e-06
4.422e-06
1.0597e-05
1.0211e-05
6.847e-06
7.237e-06
5.723e-06
7.843e-06
5.181e-06
6.213e-06
6.151e-06
7.42e-06
1.1589e-05
1.1559e-05
5.447e-06
6.971e-06
9.405e-06
5.244e-06
3.204e-06
8.387e-06
6.944e-06
5.496e-06
4.484e-06
5.769e-06
1.3568e-05
1.9713e-05
7.979e-06
6.455e-06
5.028e-06
3.518e-06
2.979e-06
2.703e-06
3.032e-06
4.135e-06
2.819e-06
3.758e-06
2.724e-06
8.329e-06
5.663e-06
8.461e-06
5.999e-06
3.593e-06
7.658e-06
7.091e-06
4.011e-06
8.503e-06
6.703e-06
1.0283e-05
9.074e-06
7.106e-06
1.4816e-05
3.264e-06
3.108e-06
2.642e-06
9.8e-06
6.047e-06
4.944e-06
5.399e-06
1.577e-05
6.213e-06
7.586e-06
6.918e-06
3.482e-06
4.515e-06
3.1e-06
3.521e-06
3.266e-06
4.896e-06
4.174e-06
7.869e-06
1.3139e-05
9.545e-06
1.1746e-05
5.135e-06
6.309e-06
6.295e-06
4.153e-06
4.247e-06
4.421e-06
3.153e-06
6.395e-06
5.381e-06
5.872e-06
8.857e-06
3.352e-06
6.406e-06
7.151e-06
1.3796e-05
9.944e-06
6.148e-06
4.607e-06
5.516e-06
4.886e-06
2.681e-06
6.131e-06
5.635e-06
1.0592e-05
1.0355e-05
7.539e-06
3.757e-06
4.856e-06
6.58e-06
7.854e-06
9.725e-06
1.065e-05
8.091e-06
4.124e-06
6.277e-06
8.163e-06
5.918e-06
9.022e-06
9.738e-06
9.555e-06
3.464e-06
3.337e-06
4.4e-06
3.684e-06
2.861e-06
3.555e-06
4.875e-06
6.357e-06
1.2036e-05
3.84e-06
6.076e-06
6.248e-06
1.2364e-05
8.111e-06
4.699e-06
4.768e-06
5.4e-06
1.0097e-05
6.762e-06
6.366e-06
3.511e-06
5.167e-06
4.591e-06
3.553e-06
4.324e-06
3.063e-06
3.345e-06
3.367e-06
3.098e-06
5.476e-06
3.563e-06
2.901e-06
3.792e-06
6.826e-06
5.989e-06
5.145e-06
9.897e-06
4.003e-06
3.442e-06
3.475e-06
4.857e-06
5.042e-06
5.361e-06
9.181e-06
4.987e-06
9.168e-06
3.369e-06
3.071e-06
2.458e-06
3.585e-06
3.982e-06
3.379e-06
3.62e-06
4.066e-06
3.471e-06
3.953e-06
1.3073e-05
5.056e-06
3.789e-06
3.452e-06
3.237e-06
9.307e-06
5.298e-06
5.477e-06
7.831e-06
7.293e-06
7.202e-06
6.486e-06
3.414e-06
6.379e-06
7.227e-06
9.477e-06
3.833e-06
8.621e-06
5.572e-06
6.721e-06
9.421e-06
4.878e-06
4.469e-06
5.185e-06
5.224e-06
8.874e-06
1.669e-05
7.627e-06
5.712e-06
8.919e-06
8.163e-06
1.0375e-05
9.278e-06
1.1405e-05
5.857e-06
7.277e-06
9.971e-06
2.927e-06
3.259e-06
3.142e-06
3.217e-06
3.997e-06
2.794e-06
6.156e-06
6.02e-06
6.424e-06
4.856e-06
4.232e-06
4.108e-06
1.1417e-05
7.654e-06
3.693e-06
4.583e-06
5.583e-06
7.44e-06
3.682e-06
3.098e-06
3.279e-06
3.081e-06
7.999e-06
4.35e-06
5.071e-06
7.503e-06
5.833e-06
4.417e-06
5.133e-06
5.265e-06
4.591e-06
4.978e-06
1.4397e-05
6.392e-06
7.795e-06
3.31e-06
3.444e-06
2.724e-06
3.8e-06
3.737e-06
3.451e-06
5.901e-06
5.609e-06
8.841e-06
2.1107e-05
3.815e-06
1.8462e-05
3.995e-06
5.059e-06
1.112e-05
1.3294e-05
4.216e-06
5.413e-06
4.213e-06
2.975e-06
2.733e-06
9.826e-06
3.001e-06
5.517e-06
1.277e-05
3.929e-06
9.573e-06
3.007e-06
6.938e-06
4.046e-06
6.974e-06
3.683e-06
6.917e-06
6.579e-06
3.566e-06
4.591e-06
4.526e-06
4.375e-06
6.887e-06
8.481e-06
7.011e-06
8.894e-06
5.667e-06
4.183e-06
4.429e-06
3.168e-06
2.773e-06
2.85e-06
5.599e-06
1.0161e-05
7.132e-06
4.271e-06
5.385e-06
4.16e-06
1.84e-05
4.172e-06
8.484e-06
7.836e-06
1.0461e-05
5.665e-06
4.394e-06
4.206e-06
6.444e-06
3.712e-06
5.723e-06
1.1204e-05
6.909e-06
4.993e-06
8.352e-06
4.527e-06
7.098e-06
2.0321e-05
8.581e-06
7.898e-06
7.359e-06
3.87e-06
1.4827e-05
1.2253e-05
3.728e-06
4.251e-06
7.34e-06
1.0798e-05
6.15e-06
1.0695e-05
2.0685e-05
6.212e-06
8.133e-06
5.203e-06
8.762e-06
1.4804e-05
8.158e-06
6.342e-06
5.722e-06
4.436e-06
3.488e-06
9.429e-06
4.117e-06
3.066e-06
8.107e-06
3.471e-06
9.318e-06
8.983e-06
1.1314e-05
6.077e-06
6.133e-06
5.656e-06
7.262e-06
5.917e-06
8.129e-06
8.368e-06
8.616e-06
6.899e-06
5.384e-06
9.235e-06
6.587e-06
3.505e-06
1.1503e-05
3.897e-06
5.958e-06
5.216e-06
4.133e-06
7.42e-06
6.849e-06
3.95e-06
1.0012e-05
5.902e-06
1.0298e-05
6.132e-06
1.234e-05
1.1432e-05
1.3065e-05
1.3115e-05
6.696e-06
4.405e-06
1.0966e-05
1.0756e-05
8.323e-06
3.469e-06
3.853e-06
5.316e-06
4.018e-06
4.63e-06
7.214e-06
4.062e-06
3.37e-06
1.0276e-05
8.222e-06
1.0069e-05
3.785e-06
6.364e-06
5.996e-06
8.221e-06
3.377e-06
1.0903e-05
3.777e-06
4.494e-06
7.38e-06
6.794e-06
7.383e-06
6.611e-06
3.708e-06
4.253e-06
6.581e-06
5.819e-06
8.673e-06
6.852e-06
5.143e-06
5.887e-06
1.5866e-05
4.883e-06
5.278e-06
3.413e-06
3.609e-06
5.833e-06
4.206e-06
4.795e-06
5.519e-06
3.734e-06
3.133e-06
2.545e-06
3.68e-06
3.228e-06
1.0018e-05
4.219e-06
4.109e-06
7.32e-06
8.869e-06
8.71e-06
7.886e-06
7.658e-06
4.881e-06
3.996e-06
3.507e-06
4.074e-06
3.421e-06
9.137e-06
9.363e-06
1.1002e-05
4.549e-06
3.514e-06
7.758e-06
5.925e-06
6.294e-06
5.458e-06
5.563e-06
3.824e-06
3.198e-06
4.081e-06
4.785e-06
4.848e-06
3.482e-06
5.995e-06
3.744e-06
4.186e-06
3.353e-06
1.222e-05
4.884e-06
5.353e-06
4.786e-06
2.5596e-05
3.809e-06
6.321e-06
7.511e-06
4.069e-06
9.852e-06
1.6012e-05
8.534e-06
4.299e-06
4.45e-06
8.86e-06
8.044e-06
1.0351e-05
5.343e-06
1.309e-05
5.902e-06
6.146e-06
7.297e-06
1.1639e-05
8.554e-06
5.038e-06
6.112e-06
5.707e-06
6.098e-06
6.396e-06
5.317e-06
6.733e-06
3.567e-06
3.585e-06
3.309e-06
8.914e-06
4.028e-06
4.809e-06
6.014e-06
4.133e-06
6.268e-06
6.63e-06
6.686e-06
1.2808e-05
9.19e-06
5.36e-06
4.494e-06
3.844e-06
5.419e-06
4.152e-06
6.628e-06
1.2014e-05
3.633e-06
9.496e-06
1.1256e-05
3.154e-06
6.224e-06
8.877e-06
6.585e-06
1.2679e-05
3.446e-06
6.002e-06
1.1717e-05
9.77e-06
7.476e-06
5.557e-06
6.451e-06
1.0293e-05
7.787e-06
6.743e-06
1.6741e-05
4.456e-06
8.267e-06
1.0542e-05
1.1502e-05
7.239e-06
6.526e-06
7.423e-06
3.922e-06
3.36e-06
1.1246e-05
9.667e-06
9.454e-06
5.642e-06
6.096e-06
3.65e-06
1.7179e-05
6.353e-06
1.6472e-05
1.1822e-05
6.796e-06
7.376e-06
6.107e-06
1.4296e-05
8.478e-06
7.489e-06
5.428e-06
5.811e-06
7.531e-06
5.535e-06
9.488e-06
5.916e-06
5.938e-06
6.587e-06
9.923e-06
8.188e-06
1.103e-05
1.1584e-05
3.786e-06
9.423e-06
7.599e-06
4.549e-06
6.402e-06
7.495e-06
9.737e-06
4.012e-06
1.0934e-05
9.451e-06
1.1304e-05
5.586e-06
4.706e-06
6.872e-06
6.099e-06
6.305e-06
5.068e-06
5.766e-06
3.155e-06
6.149e-06
9.37e-06
4.518e-06
3.75e-06
6.328e-06
8.939e-06
6.065e-06
9.38e-06
1.3874e-05
4.3e-06
6.492e-06
4.448e-06
4.877e-06
8.81e-06
6.388e-06
6.534e-06
7.744e-06
3.997e-06
6.762e-06
6.875e-06
2.1028e-05
9.084e-06
5.831e-06
4.148e-06
6.815e-06
4.546e-06
3.782e-06
4.122e-06
6.381e-06
4.144e-06
4.084e-06
3.604e-06
3.634e-06
3.381e-06
4.268e-06
1.2186e-05
5.905e-06
7.588e-06
3.906e-06
8.083e-06
1.9721e-05
9.339e-06
6.234e-06
7.695e-06
6.279e-06
7.514e-06
6.527e-06
4.044e-06
5.413e-06
6.615e-06
1.5251e-05
5.263e-06
8.601e-06
7.905e-06
3.971e-06
4.375e-06
4.737e-06
8.432e-06
4.107e-06
9.091e-06
1.3331e-05
4.385e-06
6.347e-06
4.808e-06
6.498e-06
3.912e-06
4.343e-06
4.189e-06
5.969e-06
4.564e-06
5.201e-06
4.249e-06
4.274e-06
1.1063e-05
6.927e-06
7.357e-06
9.419e-06
4.196e-06
8.495e-06
7.958e-06
5.783e-06
9.15e-06
6.621e-06
5.761e-06
7.195e-06
1.9349e-05
6.798e-06
1.022e-05
7.333e-06
1.1957e-05
4.159e-06
6.309e-06
9.554e-06
1.1663e-05
3.399e-06
7.266e-06
4.29e-06
3.961e-06
8.188e-06
4.459e-06
6.704e-06
7.174e-06
7.105e-06
6.274e-06
7.355e-06
3.714e-06
4.323e-06
4.543e-06
7.559e-06
6.666e-06
6.665e-06
5.999e-06
6.559e-06
5.735e-06
1.309e-05
4.749e-06
4.399e-06
4.262e-06
4.275e-06
4.208e-06
3.189e-06
7.033e-06
3.795e-06
4.705e-06
4.749e-06
1.8873e-05
5.415e-06
8.287e-06
1.0915e-05
6.158e-06
4.065e-06
4.219e-06
3.944e-06
4.402e-06
7.484e-06
5.068e-06
7.998e-06
9.101e-06
6.046e-06
9.816e-06
4.606e-06
4.209e-06
9.415e-06
9.81e-06
1.0485e-05
5.806e-06
1.0949e-05
5.13e-06
4.017e-06
5.485e-06
4.755e-06
5.602e-06
4.806e-06
7.392e-06
7.011e-06
3.754e-06
6.035e-06
1.2384e-05
5.918e-06
4.437e-06
6.076e-06
3.527e-06
5.011e-06
5.254e-06
8.231e-06
4.117e-06
8.09e-06
5.063e-06
6.286e-06
3.749e-06
4.796e-06
9.746e-06
4.738e-06
6.52e-06
4.372e-06
4.218e-06
7.299e-06
4.249e-06
3.973e-06
9.662e-06
8.231e-06
9.106e-06
5.791e-06
6.607e-06
7.561e-06
5.576e-06
7.2e-06
4.348e-06
7.482e-06
4.373e-06
4.633e-06
6.023e-06
3.846e-06
9.654e-06
3.704e-06
7.426e-06
7.861e-06
6.014e-06
7.72e-06
9.823e-06
6.652e-06
1.0354e-05
1.0593e-05
8.896e-06
4.338e-06
4.411e-06
4.688e-06
5.472e-06
4.863e-06
5.14e-06
6.034e-06
1.1048e-05
7.218e-06
7.345e-06
5.862e-06
5.848e-06
6.344e-06
6.324e-06
7.024e-06
7.939e-06
4.073e-06
7.482e-06
9.388e-06
4.17e-06
7.38e-06
4.647e-06
4.845e-06
5.677e-06
3.883e-06
5.241e-06
4.642e-06
4.925e-06
6.589e-06
7.162e-06
6.304e-06
5.358e-06
5.495e-06
4.275e-06
6.563e-06
1.0812e-05
4.813e-06
1.9448e-05
5.847e-06
3.2638e-05
7.177e-06
7.504e-06
5.993e-06
4.431e-06
7.486e-06
4.885e-06
6.015e-06
4.792e-06
6.537e-06
6.42e-06
5.684e-06
7.883e-06
9.556e-06
7.794e-06
3.947e-06
6.945e-06
5.917e-06
4.4e-06
3.836e-06
6.658e-06
1.6279e-05
4.5e-06
5.805e-06
5.131e-06
8.422e-06
4.429e-06
1.03e-05
1.4459e-05
3.49e-06
3.799e-06
4.731e-06
1.0262e-05
7.201e-06
6.863e-06
6.375e-06
5.132e-06
6.309e-06
5.883e-06
5.711e-06
6.432e-06
5.878e-06
5.445e-06
3.569e-06
4.432e-06
4.462e-06
5.649e-06
4e-06
3.693e-06
3.878e-06
1.8251e-05
3.364e-06
7.462e-06
3.82e-06
3.771e-06
5.977e-06
2.0018e-05
4.338e-06
7.661e-06
5.556e-06
6.481e-06
8.903e-06
1.1845e-05
6.513e-06
4.944e-06
5.394e-06
1.0508e-05
1.2703e-05
1.3795e-05
4.899e-06
1.0159e-05
6.282e-06
4.087e-06
6.302e-06
4.38e-06
5.204e-06
8.54e-06
1.2614e-05
5.489e-06
1.3922e-05
4.357e-06
4.735e-06
1.4254e-05
5.063e-06
1.2409e-05
4.865e-06
5.393e-06
4.755e-06
6.074e-06
3.972e-06
4.009e-06
2.2835e-05
1.1099e-05
6.16e-06
4.003e-06
4.52e-06
9.933e-06
6.531e-06
1.1093e-05
3.5238e-05
8.664e-06
5.719e-06
8.29e-06
6.015e-06
6.632e-06
5.173e-06
4.056e-06
1.3835e-05
6.299e-06
4.474e-06
1.1411e-05
7.635e-06
3.994e-06
5.233e-06
4.49e-06
5.712e-06
7.811e-06
5.642e-06
4.612e-06
4.342e-06
1.9895e-05
4.39e-06
3.563e-06
8.455e-06
6.95e-06
4.443e-06
1.3772e-05
6.587e-06
5.371e-06
3.348e-06
4.405e-06
1.0749e-05
1.052e-05
1.9717e-05
9.405e-06
3.692e-06
5.94e-06
1.3758e-05
6.232e-06
5.601e-06
3.818e-06
3.973e-06
3.177e-06
5.338e-06
7.414e-06
7.238e-06
1.1784e-05
5.872e-06
9.038e-06
5.843e-06
5.1984e-05
6.457e-06
6.746e-06
8.71e-06
3.479e-06
5.725e-06
5.103e-06
5.92e-06
6.993e-06
8.636e-06
5.846e-06
4.059e-06
4.938e-06
4.502e-06
9.051e-06
5.729e-06
5.84e-06
5.247e-06
7.366e-06
8.55e-06
7.582e-06
6.285e-06
7.477e-06
5.551e-06
4.755e-06
3.735e-06
7.32e-06
6.811e-06
1.1505e-05
6.906e-06
7.995e-06
8.067e-06
3.855e-06
3.298e-06
6.227e-06
9.946e-06
6.771e-06
6.455e-06
8.589e-06
5.89e-06
5.839e-06
5.139e-06
8.373e-06
1.0119e-05
6.496e-06
3.468e-06
1.9556e-05
4.688e-06
3.313e-06
4.292e-06
7.928e-06
3.937e-06
4.362e-06
1.6541e-05
4.303e-06
3.939e-06
3.698e-06
5.463e-06
3.65e-06
3.224e-06
3.727e-06
7.039e-06
5.725e-06
5.708e-06
6.877e-06
4.104e-06
8.639e-06
5.182e-06
4.2e-06
1.8776e-05
6.343e-06
8.472e-06
6.759e-06
5.721e-06
5.634e-06
7.608e-06
9.335e-06
4.112e-06
7.121e-06
5.325e-06
3.792e-06
4.19e-06
8.594e-06
5.531e-06
1.185e-05
1.0991e-05
6.341e-06
1.161e-05
6.147e-06
6.367e-06
7.205e-06
1.2243e-05
6.631e-06
5.82e-06
3.367e-06
5.07e-06
4.014e-06
5.131e-06
1.9302e-05
3.461e-06
4.507e-06
3.77e-06
5.927e-06
8.205e-06
3.685e-06
5.221e-06
6.314e-06
6.807e-06
4.102e-06
7.088e-06
4.007e-06
4.19e-06
4.436e-06
6.059e-06
9.433e-06
5.571e-06
4.201e-06
7.215e-06
1.4942e-05
1.0311e-05
4.421e-06
5.03e-06
4.357e-06
4.06e-06
4.96e-06
1.8623e-05
8.828e-06
5.744e-06
4.038e-06
4.003e-06
6.032e-06
4.632e-06
7.824e-06
5.942e-06
1.2175e-05
1.1442e-05
3.964e-06
4.256e-06
3.829e-06
5.564e-06
3.986e-06
4.791e-06
7.836e-06
7.881e-06
7.416e-06
2.0372e-05
4.38e-06
6.981e-06
7.105e-06
6.458e-06
4.462e-06
4.63e-06
4.861e-06
4.234e-06
1.3009e-05
6.2e-06
5.676e-06
6.91e-06
6.638e-06
3.585e-06
3.959e-06
4.193e-06
8.125e-06
4.519e-06
4.773e-06
4.829e-06
7.033e-06
7.896e-06
5.557e-06
4.866e-06
7.376e-06
6.461e-06
3.92e-06
8.143e-06
8.712e-06
4.53e-06
4.641e-06
4.213e-06
4.933e-06
4.214e-06
1.6642e-05
3.929e-06
1.8428e-05
8.018e-06
5.681e-06
4.104e-06
1.4025e-05
8.789e-06
9.76e-06
4.684e-06
1.2795e-05
1.0047e-05
8.141e-06
1.1531e-05
7.569e-06
5.946e-06
6.709e-06
1.1314e-05
7.161e-06
6.694e-06
4.972e-06
4.736e-06
7.771e-06
6.426e-06
1.094e-05
1.4401e-05
6.592e-06
7.665e-06
4.799e-06
8.899e-06
1.3981e-05
4.695e-06
4.855e-06
1.6541e-05
5.906e-06
5.393e-06
3.975e-06
6.64e-06
4.774e-06
3.981e-06
4.269e-06
4.369e-06
4.471e-06
7.286e-06
1.0017e-05
4.185e-06
9.778e-06
4.33e-06
7.907e-06
4.421e-06
1.8236e-05
1.0007e-05
4.869e-06
8.073e-06
7.641e-06
4.341e-06
6.306e-06
1.9502e-05
4.954e-06
8.091e-06
3.71e-06
5.214e-06
3.957e-06
9.712e-06
4.77e-06
6.899e-06
1.655e-05
8.91e-06
1.7874e-05
5.011e-06
4.744e-06
6.253e-06
3.941e-06
5.741e-06
4.495e-06
1.3376e-05
1.0016e-05
4.804e-06
6.024e-06
7.167e-06
5.794e-06
4.436e-06
5.243e-06
8.334e-06
1.0903e-05
3.942e-06
8.409e-06
1.9344e-05
4.862e-06
6.152e-06
8.829e-06
4.176e-06
4.553e-06
5.449e-06
4.7e-06
1.1727e-05
6.532e-06
5.474e-06
6.374e-06
4.686e-06
4.59e-06
7.037e-06
4.927e-06
6.163e-06
4.634e-06
3.791e-06
1.9321e-05
4.428e-06
1.9658e-05
8.938e-06
7.806e-06
6.338e-06
7.179e-06
3.978e-06
7.563e-06
6.47e-06
3.773e-06
7.362e-06
7.651e-06
5.423e-06
7.589e-06
1.0523e-05
1.0078e-05
5.54e-06
8.836e-06
6.94e-06
1.0909e-05
4.512e-06
6.303e-06
5.063e-06
3.167e-06
6.517e-06
3.971e-06
4.421e-06
4.524e-06
5.839e-06
4.707e-06
4.447e-06
4.287e-06
5.869e-06
7.277e-06
6.501e-06
6.827e-06
4.029e-06
3.025e-06
3.642e-06
8.873e-06
4.054e-06
6.893e-06
6.387e-06
9.264e-06
7.15e-06
9.73e-06
4.698e-06
6.992e-06
4.034e-06
5.805e-06
5.716e-06
4.672e-06
5.779e-06
4.461e-06
4.773e-06
5.112e-06
7.455e-06
5.587e-06
1.0899e-05
5.121e-06
6.145e-06
5.59e-06
4.8e-06
5.839e-06
7.119e-06
5.54e-06
4.058e-06
4.434e-06
4.315e-06
4.452e-06
6.776e-06
6.057e-06
3.72e-06
3.604e-06
4.022e-06
5.524e-06
6.06e-06
6.149e-06
5.364e-06
4.382e-06
5.784e-06
4.137e-06
1.0082e-05
4.053e-06
4.159e-06
3.645e-06
7.104e-06
9.041e-06
6.919e-06
6.426e-06
4.24e-06
4.547e-06
7.808e-06
5.079e-06
4.173e-06
6.34e-06
4.578e-06
6.777e-06
5.793e-06
6.915e-06
4.04e-06
4.829e-06
5.892e-06
4.991e-06
5.619e-06
4.105e-06
7.532e-06
7.804e-06
1.113e-05
7.641e-06
5.33e-06
6.937e-06
9.858e-06
4.473e-06
5.248e-06
4.369e-06
5.443e-06
4.116e-06
7.278e-06
5.362e-06
3.778e-06
7.013e-06
6.841e-06
5.121e-06
6.625e-06
4.271e-06
8.204e-06
4.036e-06
3.906e-06
4.057e-06
6.484e-06
5.684e-06
5.974e-06
8.133e-06
6.042e-06
4.883e-06
3.705e-06
4.33e-06
4.052e-06
5.303e-06
4.323e-06
7.492e-06
8.228e-06
4.367e-06
5.237e-06
4.051e-06
3.3412e-05
5.767e-06
6.112e-06
8.057e-06
3.587e-06
5.892e-06
5.431e-06
3.692e-06
8.466e-06
3.912e-06
4.051e-06
3.829e-06
4.183e-06
4.187e-06
3.99e-06
6.025e-06
7.796e-06
8.489e-06
8.883e-06
4.102e-06
5.059e-06
7.839e-06
4.742e-06
3.746e-06
6.261e-06
5.821e-06
4.507e-06
3.962e-06
1.019e-05
9.492e-06
9.527e-06
9.641e-06
5.973e-06
7.065e-06
6.054e-06
6.299e-06
4.015e-06
3.355e-06
4.3e-06
6.298e-06
7.487e-06
3.821e-06
3.156e-06
5.023e-06
5.41e-06
8.048e-06
4.147e-06
5.009e-06
6.981e-06
5.286e-06
5.127e-06
6.558e-06
3.674e-06
4.593e-06
3.8e-06
8.31e-06
7.095e-06
4.776e-06
8.196e-06
7.758e-06
1.1277e-05
2.1659e-05
7.132e-06
1.0435e-05
4.014e-06
3.637e-06
7.517e-06
9.461e-06
1.3335e-05
5.588e-06
5.455e-06
5.417e-06
5.888e-06
3.644e-06
7.801e-06
6.875e-06
6.11e-06
4.246e-06
6.514e-06
7.137e-06
3.701e-06
8.354e-06
3.939e-06
7.949e-06
6.215e-06
3.881e-06
4.765e-06
5.382e-06
4.654e-06
4.62e-06
5.833e-06
3.499e-06
4.667e-06
4.208e-06
5.213e-06
7.178e-06
5.224e-06
4.587e-06
4.795e-06
5.106e-06
4.121e-06
4.822e-06
5.803e-06
3.461e-06
6.293e-06
7.08e-06
5.534e-06
6.586e-06
7.438e-06
1.3711e-05
8.177e-06
3.731e-06
7.975e-06
8.858e-06
2.768e-06
6.349e-06
1.4051e-05
5.07e-06
6.836e-06
9.638e-06
7.731e-06
9.321e-06
5.481e-06
3.849e-06
6.654e-06
6.372e-06
4.242e-06
5.781e-06
3.791e-06
7.065e-06
5.251e-06
3.447e-06
5.586e-06
4.742e-06
3.388e-06
1.3596e-05
4.159e-06
4.299e-06
3.491e-06
7.029e-06
5.44e-06
5.466e-06
5.236e-06
2.2467e-05
6.275e-06
3.903e-06
4.311e-06
2.0298e-05
6.788e-06
1.0051e-05
3.974e-06
7.023e-06
4.483e-06
5.157e-06
3.774e-06
3.038e-06
3.819e-06
1.0815e-05
3.689e-06
3.86e-06
3.876e-06
