0.000153491
8.4334e-05
8.0499e-05
9.3074e-05
8.8217e-05
9.2724e-05
0.000123325
0.000126972
0.000108088
9.451e-05
0.000147775
8.2406e-05
9.3052e-05
9.4413e-05
0.000155389
9.38e-05
0.000146856
0.000101545
0.000233411
0.000111861
8.8392e-05
0.000115052
9.147e-05
7.6194e-05
7.2727e-05
0.00013063
7.5022e-05
8.4419e-05
7.7947e-05
7.2312e-05
7.0379e-05
8.6555e-05
0.000115302
8.6248e-05
7.1105e-05
7.149e-05
0.000125219
6.6858e-05
0.00012365
0.00012797
0.000119457
6.6764e-05
0.000113178
6.7503e-05
8.1979e-05
7.1155e-05
8.3409e-05
6.5511e-05
6.9016e-05
0.000105017
7.2935e-05
7.4324e-05
6.8325e-05
6.6273e-05
7.5477e-05
6.5861e-05
8.5358e-05
8.4642e-05
8.4195e-05
8.2951e-05
0.000127377
0.000173471
0.000107328
0.000158191
8.7877e-05
0.00013464
9.2087e-05
8.3042e-05
0.000103157
0.000168113
0.000143386
0.000107526
9.3244e-05
0.000104391
0.000175841
0.000160612
9.5986e-05
8.9782e-05
0.000104118
9.7104e-05
0.000109292
0.000111281
0.000126303
0.000159886
0.000210924
0.000168212
0.000216952
0.000187988
0.000184278
0.000216866
0.000218179
0.000147234
0.000159902
0.000156212
0.00017243
0.000159861
0.000157203
0.000168161
0.000170423
0.00010564
8.9732e-05
0.000107009
9.6293e-05
8.6647e-05
8.75e-05
0.000100667
0.00012651
9.3162e-05
0.000108725
0.00010076
0.000178608
0.000171596
0.000158526
0.000158682
0.000162222
0.000120283
0.000104841
0.000104532
0.00010546
0.000101086
0.000112973
0.000139619
0.000116732
0.000110849
0.000116821
0.000114093
0.00011366
0.00012703
0.00012866
0.000120031
0.000114602
0.000105845
0.000150373
0.000114513
0.00011132
0.000182703
0.000109088
0.000137334
0.000110178
0.000144272
0.000137715
0.000141495
0.000171589
0.000175453
0.00020251
0.000126256
0.00012133
0.000110359
0.000107257
0.000140726
0.00010995
0.000106232
0.000107311
0.000122065
0.000119111
0.000108033
0.000113957
0.000132432
0.000121698
0.000194373
0.000202036
0.000111647
0.00010977
0.000124971
0.000128765
0.000117673
0.000108069
0.000191962
0.000139352
0.000159705
0.000155913
0.000131149
0.000204107
0.00013351
0.000134484
0.000117978
0.000134161
0.000161313
0.000138972
0.000131082
0.000178589
0.000166951
0.000128375
0.000172763
0.000117865
0.000183784
0.000132437
0.000151367
0.000137895
0.000127586
0.000130087
0.000130374
0.000127264
0.00013825
0.000126224
0.000125074
0.000111892
0.000160768
0.000158502
0.000119142
0.000110628
0.000160271
0.000173616
0.000185638
0.000125131
0.000126771
0.000120129
0.000139814
0.000207607
0.000130925
0.000194578
0.000182578
0.000200439
0.00019366
0.000194545
0.000220795
0.000224173
0.000130991
0.000144654
0.000227267
0.000203027
0.000224864
0.000136495
0.000229867
0.000187196
0.000114301
0.000128113
0.000229044
0.000207824
0.000121304
0.000225233
0.000124365
0.000192846
0.000199152
0.000208219
0.000204214
0.000209926
0.000202875
0.000256511
0.000206497
0.000191312
0.000234867
0.000234738
0.00021704
0.000244587
0.000223159
0.000214082
0.000211816
0.000158297
0.000228321
0.000218459
0.00026095
0.000131752
0.000143434
0.000126367
0.00013816
0.000133024
0.000200252
0.000135629
0.000155076
0.000124586
0.000136907
0.000225562
0.00018323
0.000207927
0.000139735
0.000248473
0.000204735
0.000144692
0.000233415
0.000242593
0.000232138
0.000241598
0.000147367
0.000222326
0.000149453
0.000170734
0.000135823
0.000143801
0.000155297
0.000141971
0.00018401
0.000138891
0.000215146
0.000138713
0.000170432
0.000142486
0.000152125
0.000136697
0.000137432
0.000133764
0.000128637
0.000135582
0.000163469
0.000150818
0.000140792
0.000188675
0.000158826
0.000251991
0.000175485
0.000216974
0.000206874
0.000192863
0.000184938
0.000509248
0.000157062
0.000148523
0.000278374
0.000182109
0.000178331
0.000168646
0.00031117
0.000170771
0.000222118
0.000188756
0.000282021
0.000181534
0.000212996
0.000226426
0.000199788
0.000167878
0.000174217
0.000231553
0.0002391
0.000154711
0.00016065
0.000280686
0.000295522
0.000233903
0.000170737
0.000161078
0.000179591
0.000213395
0.000301038
0.000218806
0.000236529
0.000294489
0.00021171
0.000203927
0.000212323
0.000283791
0.000321663
0.000272024
0.000292213
0.000280754
0.000231761
0.000312848
0.000268897
0.000281385
0.000255135
0.000169397
0.000174519
0.000206757
0.000281759
0.000214728
0.000180294
0.000184184
0.000197357
0.000327011
0.000193134
0.000208781
0.00021695
0.000187307
0.000212067
0.000192167
0.000323584
0.000245375
0.000194569
0.000348517
0.000190901
0.000205436
0.000297014
0.000313408
0.000213835
0.000224975
0.000226759
0.000220069
0.000230362
0.000265896
0.000260962
0.000209829
0.000216416
0.000311232
0.000223401
0.000206924
0.00018964
0.000194863
0.000241481
0.000347063
0.000215989
0.000264216
0.000207032
0.000226941
0.000229679
0.000245747
0.000248059
0.000217562
0.000236717
0.000224748
0.000279609
0.000217518
0.000230575
0.000223722
0.000270438
0.000295026
0.000200153
0.000216564
0.000339517
0.000229367
0.000261854
0.000251234
0.000243586
0.000293722
0.000209668
0.000277163
0.000227062
0.000215177
0.000218649
0.000230611
0.000192297
0.000201212
0.000240319
0.000395567
0.000278202
0.000241824
0.000365209
0.000353876
0.00034753
0.000209857
0.000355783
0.000236394
0.000208288
0.000221802
0.000217919
0.000207093
0.000224156
0.000207121
0.000239688
0.000234089
0.000235015
0.000227659
0.000236685
0.000385444
0.00021579
0.000318096
0.000227084
0.000205297
0.000328838
0.000214719
0.000281338
0.000226941
0.000254449
0.000152554
0.000260207
0.000299215
0.000288487
0.000342928
0.000195506
0.00019003
0.000304717
0.000200193
0.000207358
0.000311023
0.000202506
0.0001657
0.000172764
0.000187325
0.000170452
0.000160373
0.000182198
0.000162184
0.000175579
0.00020699
0.000227983
0.000210745
0.000167058
0.000209616
0.000205922
0.000197283
0.000181126
0.000156207
0.000162297
0.000154778
0.000175603
0.000162656
0.000177323
0.000228711
0.000197752
0.000224508
0.000186143
0.000243626
0.000197728
0.000243937
0.000223779
0.00022167
0.00021083
0.000189014
0.000191995
0.00022721
0.000205408
0.00022668
0.000242513
0.000236415
0.00022321
0.000215309
0.000321028
0.000222784
0.000252471
0.000234167
0.000221209
0.000216617
0.000246577
0.000258582
0.000397919
0.00024017
0.000289464
0.000301568
0.000272994
0.000276827
0.000316445
0.000394376
0.000265359
0.000276445
0.000267198
0.000292005
0.000248828
0.000256422
0.000280577
0.000299628
0.000263481
0.000482773
0.000477937
0.000299521
0.000526488
0.000440358
0.00027595
0.00029032
0.00045781
0.000287862
0.00031492
0.000276684
0.000319958
0.00029766
0.000347351
0.000258493
0.000266736
0.000417181
0.00044375
0.000470193
0.000466265
0.000450603
0.000464652
0.000432619
0.000284988
0.000434157
0.000413161
0.000434086
0.000258804
0.000337967
0.000286751
0.000308512
0.00046558
0.00029095
0.0003156
0.00028535
0.000352797
0.000305664
0.000496505
0.000294164
0.000268515
0.000322083
0.000273075
0.000703212
0.000321472
0.000317956
0.000284007
0.000347295
0.000302748
0.000360504
0.000372448
0.000351227
0.000294505
0.000436158
0.000421342
0.000299093
0.00029324
0.000488592
0.000268168
0.000290175
0.000281369
0.000274425
0.000293541
0.000441531
0.000282139
0.000261308
0.000266937
0.000274505
0.000444955
0.000289833
0.000303838
0.00030638
0.000309098
0.000394148
0.00031144
0.000272875
0.000291843
0.000303884
0.000451008
0.000386462
0.000417505
0.000435763
0.000405977
0.000326903
0.00061791
0.000305395
0.000284577
0.000297292
0.000273625
0.000261563
0.000275619
0.000709386
0.000277786
0.000369802
0.000322835
0.000267246
0.000303043
0.000275069
0.000277136
0.000377476
0.000273179
0.000435966
0.000458647
0.000429258
0.000446141
0.000258633
0.000441764
0.000297948
0.00043065
0.000403717
0.00040924
0.000285152
0.000427917
0.000300436
0.000411691
0.000279642
0.000301989
0.000428861
0.000469922
0.000227001
0.000225009
0.000229615
0.000215758
0.00022698
0.000299136
0.000228581
0.000357131
0.000449636
0.000279875
0.000283954
0.00027017
0.000283558
0.00028988
0.000412957
0.000271113
0.000268072
0.000280591
0.000416527
0.000274304
0.000218464
0.000222155
0.000308499
0.000249553
0.000268577
0.000292452
0.000252022
0.000237677
0.000262863
0.000347268
0.000251049
0.000273283
0.0002477
0.000360994
0.000302378
0.000237193
0.000310943
0.000303784
0.000254194
0.000239379
0.000249116
0.000226892
0.000433504
0.000244594
0.000275607
0.000295943
0.000244458
0.000229104
0.000253286
0.000231472
0.000370591
0.000406012
0.000386148
0.000220573
0.0002742
0.000218169
0.00035773
0.000372423
0.000227372
0.000238209
0.000395301
0.00021697
0.000267039
0.000247662
0.00028207
0.000424475
0.00036492
0.000245889
0.000393929
0.000346719
0.000334342
0.000190514
0.000299217
0.000232846
0.000238632
0.000251102
0.000226743
0.000222781
0.000296197
0.000280283
0.000294001
0.000286965
0.000230685
0.000207267
0.00034863
0.00037372
0.00035607
0.00035403
0.000393815
0.000385025
0.000374526
0.000400577
0.000261139
0.00038277
0.000284303
0.000363621
0.000342846
0.000243142
0.000293078
0.000256707
0.000266273
0.000243031
0.000229394
0.000239243
0.000281558
0.000270015
0.000258199
0.000252388
0.000249261
0.000283898
0.000398154
0.000257341
0.000332379
0.000254074
0.000385837
0.000361765
0.000677005
0.000247617
0.000370323
0.000453396
0.000294676
0.00033122
0.00031951
0.000427471
0.000420096
0.000225205
0.000370176
0.000257331
0.00036569
0.000237886
0.000221196
0.000350278
0.000254355
0.00035244
0.000436256
0.000258531
0.000242617
0.000237144
0.000272426
0.000296045
0.000265168
0.000335791
0.000230961
0.000226659
0.000248965
0.00022981
0.000236224
0.000244184
0.000258108
0.000242651
0.000270548
0.000234466
0.000252826
0.000323847
0.000372377
0.000220316
0.000420877
0.000220716
0.000248298
0.000286077
0.00021475
0.000255688
0.000267524
0.000248824
0.000256367
0.000203518
0.000235496
0.000325202
0.000387626
0.000298687
0.000397016
0.000291996
0.000233468
0.000234812
0.000205648
0.000276437
0.000325211
0.000250284
0.000352441
0.00025244
0.000210955
0.000422383
0.000336639
0.000226644
0.000235323
0.000268897
0.000349477
0.00026179
0.000233208
0.000214123
0.000205958
0.000238636
0.000214905
0.000209418
0.000228213
0.000236437
0.000224951
0.000248529
0.000359973
0.000250737
0.000316336
0.000298667
0.000343565
0.000341134
0.000345978
0.000245949
0.000276225
0.000236119
0.00022828
0.000338682
0.000197554
0.000193233
0.000190288
0.000222774
0.000239804
0.000321401
0.000276834
0.000228003
0.000223116
0.000209968
0.000307591
0.000184211
0.000209986
0.000254346
0.000293586
0.000187232
0.000296069
0.000327167
0.000325867
0.000201016
0.000373143
0.000374803
0.000259534
0.000232547
0.000238005
0.000202828
0.0001856
0.000220185
0.00032404
0.000160355
0.000195551
0.000185071
0.000229631
0.000183724
0.000264778
0.00022827
0.000252547
0.000171293
0.000152753
0.000164245
0.000193927
0.000183616
0.000179712
0.000153711
0.000193462
0.000290185
0.000227425
0.000230073
0.000273968
0.000238525
0.000243119
0.000200606
0.000254036
0.000173357
0.00018244
0.000165069
0.000231666
0.00014128
0.000148877
0.000154117
0.000234674
0.000262011
0.000208078
0.000210535
0.000218346
0.000224409
0.000191296
0.000217941
0.000192756
0.000201869
0.000216859
0.000219285
0.000126887
0.000239262
0.000218717
0.000137661
0.000192249
0.000137361
0.00011449
0.000141436
0.000174777
0.000209872
0.000164287
0.000142365
0.000162585
0.000167207
0.000164456
0.000162424
0.000150922
0.000156612
0.000167187
0.000156666
0.000158606
0.00016525
0.000136301
0.00014673
0.000159098
0.000185104
0.00016664
0.000409181
0.000216281
0.00018996
0.000154006
0.000177668
0.000167746
0.000193063
0.000182557
0.000172412
0.000262667
0.000291868
0.000275925
0.000250399
0.000286149
0.000172262
0.000169872
0.00016274
0.00016611
0.00016118
0.000162375
0.00015398
0.000266498
0.000178958
0.00018006
0.000247976
0.000266467
0.000198693
0.000163276
0.000175448
0.000159382
0.000180463
0.000293521
0.00018076
0.000191995
0.000195969
0.000182052
0.000173282
0.000193893
0.000213468
0.000182761
0.000218803
0.000168955
0.000232739
0.000240895
0.000234181
0.00038696
0.000230263
0.000241307
0.000354433
0.000374351
0.000350018
0.000347887
0.000232068
0.000269645
0.000381713
0.000333151
0.000327111
0.000227154
0.000245281
0.000343507
0.000236196
0.000370755
0.000249949
0.000297925
0.00036887
0.000362958
0.000364651
0.000383769
0.000383449
0.000411201
0.000405893
0.000246234
0.000239542
0.000270475
0.000254434
0.000242724
0.000212079
0.000357802
0.000243028
0.000249315
0.000237713
0.000272961
0.000348418
0.000292864
0.000250932
0.000235876
0.000237429
0.000269745
0.000279684
0.000233468
0.000390784
0.000277593
0.000224603
0.000397222
0.000250897
0.000248763
0.000238322
0.000246311
0.000221004
0.000221597
0.000272785
0.000248169
0.000251894
0.000412037
0.000241627
0.000246405
0.000308582
0.000288763
0.000246395
0.000329262
0.000244143
0.000243503
0.000270126
0.000319154
0.000284849
0.00025847
0.00032252
0.000310147
0.000322044
0.000417166
0.000302957
0.000327136
0.000368033
0.000267361
0.000277728
0.000311563
0.000317899
0.00047509
0.000540591
0.000315695
0.000288043
0.000296181
0.000411301
0.000475683
0.000308235
0.000439615
0.000380289
0.000492655
0.000294767
0.000317211
0.000370323
0.000325187
0.000359311
0.000374365
0.00031221
0.000308061
0.000359295
0.000287077
0.000285565
0.000376821
0.000293925
0.00043851
0.00042948
0.000314804
0.000292316
0.000296855
0.000557069
0.000356078
0.000334875
0.000302237
0.000323404
0.000440755
0.000311079
0.000477567
0.000323452
0.000551628
0.000293941
0.000296007
0.000319088
0.000324559
0.000403236
0.000305552
0.000346481
0.000279304
0.000384508
0.000299488
0.000450154
0.000286499
0.000273944
0.000334114
0.0002754
0.000299205
0.000316804
0.000319995
0.000314732
0.000362244
0.000314046
0.000295833
0.000295775
0.000329298
0.000354229
0.000320407
0.000353536
0.000319464
0.00034186
0.000297659
0.000388642
0.000354499
0.000526788
0.000543229
0.000516356
0.000516412
0.000534987
0.000436094
0.000331219
0.000356204
0.000425899
0.000340285
0.000355258
0.000390864
0.00034148
0.000347869
0.000437976
0.000548192
0.000300323
0.000293324
0.000432019
0.000337751
0.000293931
0.000305007
0.000500113
0.0002855
0.000311705
0.000466405
0.00033077
0.000534848
0.000300201
0.00058969
0.000393131
0.000372156
0.000338209
0.000355873
0.000320971
0.000319791
0.000336442
0.000329422
0.000317388
0.000313572
0.000318842
0.000488279
0.000297214
0.000376118
0.00049973
0.000336312
0.000313175
0.000486357
0.000483546
0.000494254
0.000541274
0.000516648
0.000323537
0.000313136
0.000308835
0.000339434
0.000536045
0.000305167
0.000297346
0.000305828
0.000493476
0.000306856
0.000308363
0.000339395
0.000323832
0.000344416
0.000514383
0.00034996
0.00030166
0.000292506
0.000307073
0.000314903
0.000304327
0.000338011
0.000289832
0.00045951
0.00055854
0.000300792
0.00029769
0.000294893
0.000296704
0.000311382
0.000307157
0.000323767
0.000310113
0.000319673
0.000437963
0.000452876
0.000312423
0.000504234
0.000306317
0.000289807
0.000299679
0.000299432
0.000359241
0.000330175
0.000376994
0.00031212
0.000519534
0.000290312
0.00034162
0.00036064
0.000325852
0.000509468
0.00050336
0.000509679
0.000510373
0.00053431
0.000524572
0.000559109
0.000582346
0.000521909
0.000277833
0.000394765
0.000287914
0.000293333
0.000298269
0.000307264
0.000298523
0.000314131
0.000301744
0.000303473
0.00033037
0.000317917
0.000430525
0.00038138
0.000305142
0.000340732
0.000306165
0.000312219
0.000490957
0.000310173
0.000340133
0.00031742
0.000332091
0.000497886
0.000304696
0.000312705
0.000318861
0.000362028
0.000313962
0.000312644
0.000326642
0.000334108
0.000309198
0.000304571
0.000315542
0.000305245
0.000334291
0.000316556
0.000306364
0.000316069
0.000329039
0.000314496
0.00049048
0.000519057
0.000337245
0.000310546
0.000521263
0.000518996
0.000309312
0.000324039
0.000308082
0.00032059
0.000309591
0.000313416
0.0003559
0.000494474
0.000480532
0.000402538
0.000320378
0.000467494
0.000339148
0.000382877
0.000347317
0.00031232
0.000378615
0.000348702
0.000490124
0.000326748
0.000330708
0.000498284
0.000321275
0.000325517
0.000330134
0.000298326
0.000660637
0.000673041
0.000494845
0.000482115
0.00031406
0.000286945
0.000310422
0.000297318
0.000312277
0.000308031
0.000506532
0.000336471
0.000294766
0.000291636
0.000300449
0.000528199
0.000326878
0.000329695
0.000308203
0.000334529
0.000366422
0.000325535
0.000553828
0.000316681
0.000314341
0.00031012
0.000530227
0.000495935
0.000335307
0.000333273
0.000342388
0.000317642
0.000441517
0.000305252
0.000344806
0.000498921
0.000308823
0.000503796
0.000418726
0.000307802
0.000331957
0.000349694
0.0006106
0.000310481
0.000339255
0.00041238
0.000325477
0.000336751
0.000304877
0.000319842
0.000344066
0.000310382
0.000337251
0.000302905
0.00031625
0.000310068
0.000501627
0.000321073
0.00038736
0.000299259
0.000497818
0.000344346
0.000549204
0.000310102
0.000453943
0.000540992
0.000342393
0.000345804
0.000392494
0.00036663
0.00030396
0.000355292
0.000318399
0.000571791
0.000311451
0.000350443
0.000318012
0.000407969
0.000505283
0.000330527
0.000312541
0.000320277
0.00033068
0.000298772
0.000498942
0.000309169
0.000404647
0.000354454
0.000326165
0.000356998
0.000352202
0.000320299
0.000358603
0.000313825
0.000316688
0.000300918
0.000365997
0.000322082
0.000327154
0.000365995
0.000306525
0.000310666
0.000331123
0.000522418
0.00042212
0.000561843
0.000511271
0.000569385
0.000296056
0.000304063
0.000299448
0.000321888
0.000304931
0.000319745
0.000305961
0.000342871
0.000333947
0.000362482
0.000337049
0.000420138
0.000399048
0.000328404
0.000337511
0.000318436
0.000305129
0.000311478
0.000354718
0.000306301
0.000342394
0.000325512
0.000316038
0.000358509
0.000321934
0.000333157
0.000345309
0.000315977
0.000504846
0.000322794
0.000357091
0.000309568
0.000373194
0.000321356
0.000311688
0.000372449
0.000328579
0.000293936
0.000301802
0.000315932
0.000327089
0.000375597
0.000317231
0.000293315
0.000303335
0.000320338
0.000303774
0.000497392
0.000338837
0.000392807
0.000301023
0.000680941
0.000335802
0.000299778
0.000306765
0.000314982
0.000345628
0.000297896
0.000404153
0.00030824
0.000316833
0.000356622
0.000344512
0.000354132
0.000326388
0.00033116
0.000316207
0.000346789
0.000297276
0.000332744
0.000338594
0.000319158
0.000321925
0.00029539
0.000312733
0.000328874
0.000326737
0.000506282
0.000297422
0.000308777
0.000491643
0.000456169
0.000363881
0.000304627
0.000408978
0.000311782
0.000452563
0.000324109
0.000308162
0.000498851
0.000298064
0.000538602
0.00030295
0.000297177
0.000296564
0.00029459
0.000283028
0.000309189
0.000283811
0.000292926
0.000300652
0.000306415
0.000308589
0.000309043
0.000306901
0.000322024
0.000318085
0.00031269
0.000509189
0.000398118
0.000300659
0.000390481
0.000311423
0.000311188
0.000292063
0.000301096
0.000331389
0.000308377
0.000467005
0.00030728
0.000319521
0.000298058
0.000334199
0.00048653
0.000381128
0.000567244
0.0003488
0.000505229
0.000484214
0.000480192
0.000314445
0.000503122
0.00054529
0.0005089
0.000421
0.000480164
0.000579653
0.000290878
0.000488669
0.000298392
0.000296757
0.000385569
0.000492325
0.00047906
0.000488036
0.000351649
0.000331062
0.000362513
0.000323121
0.000479997
0.000479279
0.000484107
0.000308048
0.000494123
0.000308461
0.000405083
0.000486252
0.000475735
0.000516418
0.000288149
0.000280151
0.000301547
0.000341999
0.000418769
0.000478186
0.000335278
0.000301281
0.000315404
0.000486555
0.000502398
0.000542314
0.00030643
0.000305475
0.000402363
0.000328225
0.000502028
0.000300625
0.000298706
0.000330988
0.000310396
0.000325603
0.000383333
0.000305764
0.000514063
0.000351407
0.000298628
0.000563006
0.000296294
0.00037236
0.000344696
0.000295304
0.000294446
0.000296381
0.000349792
0.000521026
0.000301607
0.000317563
0.00037713
0.000347889
0.000473383
0.000477305
0.000302138
0.000299913
0.000471981
0.000311542
0.000294033
0.000285486
0.000305276
0.000453164
0.000284351
0.000273637
0.000328157
0.000295403
0.000294171
0.000267104
0.000472132
0.000455594
0.000465507
0.000279788
0.000470822
0.00028368
0.000480572
0.000313221
0.000371071
0.000449476
0.000461738
0.000464561
0.000498333
0.000566103
0.000453917
0.0002888
0.000265245
0.000460504
0.000442049
0.000300852
0.000263915
0.000264934
0.000360014
0.000278037
0.000278208
0.000299342
0.000298259
0.00031412
0.000297518
0.000287852
0.000288353
0.000311947
0.000297302
0.000313131
0.000448643
0.000291973
0.000329535
0.000303365
0.000327473
0.000376031
0.000389579
0.000309371
0.000301033
0.000321856
0.000533475
0.000321619
0.00037539
0.000323068
0.000326509
0.000344314
0.000356967
0.000305489
0.000385623
0.000336067
0.000364565
0.000335807
0.0003582
0.000331279
0.000291337
0.000320583
0.000310195
0.000333883
0.000400341
0.000407205
0.000314971
0.000465261
0.000308518
0.000313099
0.000286079
0.000338681
0.00030321
0.00032552
0.000306497
0.000434668
0.00041918
0.000303311
0.000313957
0.000400969
0.000308521
0.000511445
0.000300997
0.00030873
0.000281056
0.000472154
0.000345538
0.000300852
0.000449016
0.000292677
0.00029617
0.000308688
0.00030886
0.000308661
0.000329885
0.000301894
0.000308329
0.000339295
0.000324146
0.000303885
0.00032809
0.000484347
0.000293841
0.000325868
0.000326067
0.000328461
0.000367956
0.000501359
0.000512196
0.000479665
0.000469101
0.000310198
0.000307193
0.000291318
0.000319064
0.000291254
0.000316949
0.000286379
0.000295523
0.000287232
0.000330817
0.000280743
0.000312341
0.000306982
0.000303865
0.000322029
0.000318525
0.000472305
0.000302028
0.000312944
0.000319818
0.000301361
0.000336894
0.000418644
0.000297826
0.000307678
0.000308929
0.000324773
0.000289162
0.000290898
0.000308988
0.000322857
0.000303619
0.000296203
0.000419106
0.000490456
0.000477868
0.000295635
0.000305646
0.000399761
0.000310891
0.000321682
0.000567938
0.0004195
0.00063089
0.000538222
0.000816463
0.000564392
0.000527041
0.000496245
0.000558524
0.000306601
0.000387703
0.000366847
0.000240267
0.000263593
0.000311399
0.000280848
0.000266611
0.000275631
0.000268611
0.000279357
0.000300024
0.000270783
0.000435989
0.000436662
0.000256427
0.000319893
0.000284669
0.000241289
0.00022902
0.000259877
0.000287216
0.000261987
0.000261391
0.00029121
0.000288218
0.000252602
0.000262132
0.000240201
0.000239642
0.000343361
0.000283042
0.000249472
0.000277407
0.000266294
0.00028801
0.000336209
0.000271293
0.000269104
0.000219524
0.000231285
0.000204972
0.000302454
0.000242999
0.000260208
0.000396666
0.000452885
0.000286951
0.000282047
0.000271292
0.000430924
0.000281957
0.000305537
0.000305416
0.00028401
0.00031946
0.000452893
0.00027417
0.000330384
0.000314163
0.000290879
0.000336576
0.000273377
0.000259577
0.000318439
0.000447686
0.000384667
0.000430139
0.000417928
0.000473257
0.000437322
0.000429373
0.000268893
0.000264611
0.00044968
0.000489646
0.000409042
0.000422203
0.000409996
0.000401335
0.000311875
0.000224099
0.000270426
0.000425439
0.000315949
0.00029191
0.000292569
0.000314871
0.000285423
0.00029209
0.000436847
0.000278641
0.000274224
0.000277173
0.000283427
0.000219017
0.000277566
0.000235231
0.000225858
0.000357828
0.000245124
0.000210586
0.000259844
0.000208712
0.000213125
0.000278485
0.000196373
0.000324442
0.000249695
0.000239371
0.00024553
0.000216304
0.000204281
0.000177664
0.000187326
0.000186269
0.000341967
0.000399604
0.00043187
0.000381827
0.000402113
0.000458371
0.000343113
0.000198595
0.000223828
0.000366393
0.000324528
0.000291031
0.000243405
0.000202182
0.00019682
0.000286844
0.000218881
0.000227992
0.000210708
0.000181863
0.000180076
0.000184302
0.000300801
0.000252499
0.000332802
0.000344349
0.000203053
0.00020524
0.000183666
0.000215821
0.000199331
0.000328723
0.000192538
0.000199179
0.000182834
0.000180967
0.00018843
0.000208402
0.000215726
0.000209331
0.000224072
0.000224515
0.000198666
0.000195693
0.000195683
0.000177181
0.0001731
0.000198884
0.000338378
0.000319326
0.000331531
0.000230214
0.00018695
0.000248849
0.000214523
0.000177541
0.000181326
0.000295984
0.000297781
0.000298219
0.000188168
0.000290716
0.000188906
0.000301701
0.000186586
0.00039626
0.000210155
0.000204445
0.000187434
0.000204027
0.000188594
0.000253205
0.000257131
0.000214896
0.000221544
0.00022309
0.00035707
0.00029878
0.000195308
0.000194774
0.000210276
0.000198138
0.000229347
0.000286341
0.000246464
0.000241129
0.000301922
0.000326413
0.000194124
0.000181335
0.000174474
0.000235163
0.000192447
0.000183119
0.000208283
0.000205687
0.00036342
0.0001964
0.000194282
0.0002127
0.000200041
0.000195664
0.000204944
0.000393226
0.000198629
0.000243913
0.000224206
0.000221499
0.000200798
0.00025006
0.000231543
0.000236052
0.00037806
0.000220536
0.000222567
0.000255831
0.000248253
0.000225258
0.000227491
0.000208127
0.000225211
0.0002491
0.000240033
0.00021672
0.000210123
0.000218553
0.00022867
0.00021232
0.000229491
0.000236759
0.000235038
0.000211447
0.000286624
0.000239927
0.000224588
0.000190151
0.000184757
0.000218199
0.000280037
0.000210427
0.000222307
0.000199757
0.000202544
0.00020187
0.000201536
0.000240067
0.000238524
0.000329922
0.000263054
0.000259893
0.000313688
0.000427371
0.0003889
0.000239774
0.000215603
0.000226845
0.000230974
0.00023498
0.000238885
0.000253681
0.000283187
0.000246336
0.000277548
0.000267491
0.000274065
0.000278594
0.000314355
0.000241411
0.000212527
0.000251722
0.000197155
0.000236436
0.000254994
0.000337722
0.000191352
0.000250615
0.0002061
0.000342543
0.000238468
0.000216728
0.00034084
0.000220312
0.000319757
0.000329627
0.000258815
0.000240794
0.000351167
0.000238937
0.000247239
0.00023585
0.00026714
0.000207626
0.000255285
0.000192696
0.000195495
0.000171576
0.000196979
0.000160171
0.000179755
0.000143956
0.000149571
0.000148787
0.000143602
0.000142624
0.000122371
0.000143587
0.000137421
0.000165135
0.000121485
0.000190322
0.000160182
0.000117037
0.000119443
0.00010785
0.000136201
0.000135392
0.000126064
0.000149362
9.7675e-05
0.000130551
0.000409439
9.2787e-05
0.000121978
0.000131477
0.000158723
0.000196392
0.000110855
0.000166269
0.000158614
0.000132078
0.000115671
0.000129793
0.000149019
0.000178095
0.000172213
0.000184665
0.00020176
0.000180403
0.000164531
0.000171413
0.000115828
0.000116858
0.000122266
0.000215473
0.000107457
8.7038e-05
0.000100838
0.00011999
0.000178453
0.000208215
0.000105787
0.000114094
0.000196914
0.000159724
0.000212002
0.000193222
0.000127845
0.000188557
0.000196212
0.000136152
0.000112458
0.000126253
0.000204141
0.000170709
0.000229934
0.000227651
0.000184638
0.000214804
0.00025183
0.000261233
0.000184519
0.000220947
0.000239789
0.000164072
0.000139287
0.000234708
0.000288667
0.000234899
0.000234665
0.000224239
0.000134247
0.000164637
0.00015445
0.000309249
0.000295392
0.000313722
0.000259264
0.000226151
0.000268315
0.000175198
0.000255959
0.00028108
0.000272634
0.000346662
0.00032129
0.000199898
0.000210599
0.000193135
0.000242074
0.000219254
0.000212803
0.000244305
0.000201997
0.000349649
0.000184524
0.000216821
0.000311529
0.000175568
0.000184353
0.000213083
0.000204461
0.000199404
0.000328914
0.000257802
0.000205378
0.000197891
0.000216779
0.000295564
0.000193013
0.00020332
0.000189518
0.000222625
0.000215459
0.00033024
0.000196007
0.000218825
0.000235971
0.000219543
0.000200146
0.000206164
0.000223569
0.000357929
0.000173085
0.000343515
0.000284917
0.000172379
0.000175288
0.00021989
0.000223627
0.000205788
0.000212829
0.000217154
0.000326567
0.000297815
0.000367428
0.000183905
0.000204567
0.000329379
0.000331555
0.000263189
0.000191563
0.000188373
0.00020125
0.000188197
0.000243032
0.000220719
0.000211928
0.000195355
0.000256941
0.000218639
0.000236528
0.000197649
0.000196615
0.000251832
0.000303017
0.000237294
0.000196293
0.000299794
0.000317831
0.000203953
0.000207824
0.000184838
0.000244754
0.000221494
0.000253991
0.000213813
0.000218272
0.000228393
0.000246006
0.000349721
0.000374762
0.000337285
0.000359259
0.000342783
0.000406953
0.000382689
0.000361126
0.000395987
0.000208332
0.000217368
0.000243078
0.000204362
0.000201785
0.000293507
0.000229069
0.000208577
0.000223401
0.000207122
0.000341617
0.000196467
0.000220734
0.000201476
0.00021858
0.000209713
0.000333595
0.000191858
0.000208422
0.000213037
0.000201126
0.000198489
0.000199479
0.00020883
0.000193579
0.000182459
0.000239649
0.000226105
0.000237127
0.000245066
0.000195377
0.000221944
0.000190651
0.000337318
0.00031316
0.000204581
0.000189761
0.000351161
0.00033533
0.000205795
0.000200832
0.000238728
0.000192539
0.000178477
0.000187774
0.000262101
0.000290177
0.00015793
0.000292466
0.000272272
0.00019149
0.000192763
0.000175059
0.000156347
0.00021184
0.000219422
0.000237279
0.00016888
0.000211245
0.000196763
0.000233286
0.000304721
0.000207837
0.000206449
0.000180719
0.000203552
0.000206057
0.000174274
0.000204346
0.000238112
0.000218084
0.000322568
0.000182609
0.000229201
0.00016864
0.00019481
0.000173964
0.000182571
0.000323981
0.000203294
0.000203307
0.000176943
0.000181507
0.000336075
0.000292023
0.000197762
0.000303142
0.000199929
0.000316765
0.000185819
0.000222544
0.000221192
0.000190545
0.000180115
0.000215118
0.00020183
0.000197612
0.000201802
0.000279392
0.000316334
0.000183875
0.000176741
0.000174753
0.000282856
0.00032908
0.000199804
0.000192539
0.000224133
0.000213106
0.000200942
0.000338109
0.00037673
0.000269561
0.000274667
0.000207535
0.000179552
0.000193324
0.000192638
0.000359621
0.000201773
0.000269812
0.00041427
0.000232879
0.000283346
0.000283381
0.0001997
0.000229699
0.000234968
0.000223989
0.000289226
0.000183644
0.000178704
0.000203585
0.000206055
0.000240174
0.000301177
0.000262152
0.000202829
0.000310687
0.0001948
0.000261215
0.000248142
0.000178327
0.000205397
0.000154639
0.00017021
0.000181902
0.000203025
0.000167705
0.000196759
0.000218579
0.000203433
0.000211259
0.000274592
0.000204647
0.000223269
0.000197475
0.000204152
0.000228135
0.000262389
0.000244171
0.000208607
0.000271141
0.000225267
0.000161018
0.00016922
0.000221229
0.000201486
0.000208081
0.000190773
0.00019484
0.00015835
0.000271485
0.000185937
0.000246088
0.000193149
0.000354332
0.000340895
0.000208935
0.000228388
0.000272703
0.000190667
0.000341355
0.000307878
0.000202104
0.000199494
0.000278872
0.000176322
0.000231039
0.00025818
0.00019293
0.00017078
0.000173256
0.000260203
0.000173836
0.000156971
0.000182684
0.000167723
0.000181338
0.000149897
0.000186034
0.000175412
0.000306407
0.000190696
0.000175956
0.000174224
0.000167375
0.000162113
0.000268682
0.000210017
0.000182347
0.000180085
0.000166696
0.00017358
0.000245027
0.00018658
0.000208024
0.000237889
0.000218983
0.00025392
0.000170266
0.000165038
0.000194752
0.000187931
0.000156543
0.000213887
0.000170967
0.000195329
0.000176302
0.000190681
0.000277572
0.000182836
0.000145317
0.000152331
0.000155822
0.000261548
0.000150409
0.000190944
0.000182881
0.000132094
0.000197298
0.000173784
0.000212349
0.000206947
0.00021182
0.000226907
0.000189998
0.000191948
0.000195606
0.000230763
0.000232136
0.000142659
0.000142042
0.00012659
0.00015436
0.000165085
0.000116537
9.7349e-05
9.7217e-05
9.7114e-05
9.1135e-05
8.3724e-05
8.2846e-05
9.8485e-05
0.000134545
0.000139342
0.000158334
0.000166256
0.000179732
8.9042e-05
8.1487e-05
8.2729e-05
0.000105734
8.775e-05
0.00015545
9.0506e-05
7.4407e-05
7.2438e-05
9.0317e-05
9.3695e-05
0.000120298
0.000100782
0.000135004
0.000110132
0.000161269
0.000171867
0.000101273
0.000104838
0.00012412
0.000201746
0.000179685
0.000117442
0.000128683
0.000172145
0.000148522
0.000139168
0.000136157
0.000152211
0.000164834
0.000197439
0.000182711
0.000175592
0.00029536
0.000318881
0.000213377
0.000281083
0.000168719
0.000309977
0.00017137
0.000177568
0.000255094
0.000207656
0.000185305
0.000209556
0.000230791
0.000210556
0.000196879
0.000207221
0.000237302
0.000370487
0.000215396
0.00023037
0.000258329
0.000328123
0.000268152
0.000255486
0.000251905
0.000245911
0.000263784
0.000263488
0.00024657
0.000256283
0.000259952
0.000248906
0.00041258
0.000250434
0.000245948
0.000245566
0.000276766
0.000245039
0.000248952
0.000218342
0.000239767
0.000267601
0.000290632
0.000249131
0.000216605
0.000298613
0.000295628
0.000283555
0.00036283
0.000274758
0.000255291
0.000204906
0.000238468
0.000248682
0.000360719
0.00028926
0.000249186
0.000304771
0.000268009
0.000216495
0.000239691
0.000322623
0.000271082
0.000354402
0.000263917
0.000257851
0.000243897
0.000341168
0.000281215
0.00031255
0.000266967
0.000368332
0.000366356
0.000405086
0.000270841
0.000227873
0.000380166
0.000305039
0.000220248
0.000213901
0.000346071
0.000336872
0.00025387
0.000213833
0.000232572
0.000220957
0.000244452
0.000400576
0.00042047
0.000423245
0.000275274
0.000278191
0.000248884
0.000272314
0.000230569
0.000242546
0.000220467
0.000255085
0.000341091
0.000446144
0.000256416
0.000251671
0.000240812
0.000242821
0.00024743
0.000243501
0.000346123
0.000215492
0.000212288
0.000260155
0.000274909
0.000235972
0.000237828
0.000307628
0.000205593
0.000221859
0.000210285
0.000231679
0.000188024
0.000332513
0.000264376
0.000199554
0.00020712
0.000341554
0.00020729
0.000380868
0.000399034
0.00030181
0.000368868
0.000354675
0.000227182
0.000220986
0.00019728
0.000248413
0.000210529
0.000207511
0.000220368
0.000340766
0.000189484
0.000192413
0.000214707
0.000297913
0.000222543
0.000237632
0.000192908
0.000429731
0.00035934
0.000314057
0.000316923
0.000322125
0.00034153
0.000498209
0.000367985
0.000325372
0.000347229
0.00024382
0.000234146
0.000216977
0.000268685
0.000200474
0.000355794
0.000356631
0.000318495
0.000199888
0.000295739
0.00018537
0.000226056
0.000219933
0.000210789
0.000243478
0.00019767
0.000221593
0.000206082
0.000187241
0.000210198
0.000304312
0.000198229
0.000199984
0.000197455
0.00025149
0.000243455
0.000209122
0.000247533
0.000190121
0.000363162
0.00020458
0.000308726
0.000597779
0.0002192
0.000208029
0.000267344
0.000313838
0.000314356
0.000289046
0.000203735
0.000303536
0.000296528
0.000203788
0.000176995
0.000183247
0.000191263
0.00026235
0.000225354
0.000237807
0.000241073
0.000189893
0.000192672
0.000166848
0.000182246
0.000176842
0.000201162
0.000176967
0.00028742
0.000256458
0.000328959
0.000348764
0.000188278
0.00019685
0.000233076
0.000325094
0.000358517
0.000372579
0.000207575
0.000201948
0.000347899
0.000304885
0.000316395
0.00033998
0.00019772
0.000197424
0.000233838
0.000202796
0.000243684
0.000216947
0.00031481
0.000235999
0.000226731
0.000254116
0.00019982
0.000290082
0.000300504
0.000181516
0.000320862
0.000286148
0.000176343
0.000183785
0.000296838
0.000158786
0.000194219
0.000185588
0.000166019
0.000205956
0.000191087
0.000244345
0.000185468
0.000197582
0.000175004
0.000170156
0.00018811
0.000209508
0.00015499
0.000298318
0.000280196
0.000260264
0.000190479
0.000301292
0.000276568
0.000199367
0.000211747
0.000171605
0.000183088
0.00023158
0.000193003
0.000202815
0.000177325
0.000175538
0.000292444
0.000190505
0.000323052
0.000239956
0.000180493
0.000189882
0.000234557
0.00025705
0.000230573
0.000181194
0.000226424
0.000197804
0.000214991
0.000212913
0.00018005
0.000299656
0.000310744
0.000200247
0.000176276
0.00020682
0.000335057
0.000275934
0.000181426
0.000200161
0.000202598
0.000234634
0.000341765
0.000386444
0.000336918
0.000326271
0.000209133
0.000210906
0.000190943
0.000209533
0.000224466
0.000251469
0.000235503
0.000210738
0.000182662
0.000199267
0.00028545
0.0002282
0.000273975
0.000214449
0.000262275
0.000276354
0.000236879
0.000232604
0.000224955
0.000226222
0.000241527
0.000270904
0.000216594
0.000207208
0.00021532
0.000365047
0.000244007
0.000267316
0.000363435
0.000222058
0.000265082
0.000216537
0.00024933
0.000227375
0.000216078
0.000251776
0.000238811
0.000228609
0.000323516
0.000228757
0.000226144
0.00025084
0.000267223
0.000246647
0.000225809
0.000300578
0.000414541
0.000255993
0.000430258
0.000236126
0.000265154
0.000382395
0.000233617
0.00022713
0.000218036
0.000312806
0.000256259
0.000252274
0.000237261
0.000449971
0.000244808
0.000226009
0.000236412
0.000241939
0.000305306
0.000355573
0.000253661
0.000404257
0.000381758
0.000221485
0.00024608
0.000338219
0.000245766
0.000258767
0.000267681
0.000273671
0.000239626
0.00028582
0.000364683
0.000250984
0.000263099
0.000242017
0.000241532
0.000268543
0.000258839
0.000407537
0.000262043
0.000244663
0.000238846
0.000273258
0.000239621
0.000237015
0.000329945
0.000253047
0.00023666
0.000413853
0.000203568
0.000210466
0.000298352
0.000243059
0.000215933
0.000244797
0.0002633
0.000250795
0.000239982
0.00036645
0.000365659
0.000350705
0.000332773
0.000337714
0.000357988
0.000370601
0.000353029
0.000263108
0.000265275
0.00029262
0.000242607
0.000421255
0.000296811
0.000287624
0.000274198
0.000408236
0.000420881
0.000448121
0.000296858
0.000429447
0.000292988
0.000354723
0.000260132
0.000433435
0.000278107
0.000325767
0.000284663
0.000282113
0.000256796
0.000275704
0.000418094
0.000263813
0.000255839
0.000244419
0.000284138
0.00040861
0.000262368
0.000243719
0.000289879
0.000305434
0.000231266
0.000250142
0.000250233
0.000295108
0.000298189
0.000267944
0.000271308
0.000251248
0.000247741
0.000237682
0.000260165
0.000263228
0.000255583
0.000268084
0.000288617
0.000243437
0.000265016
0.000253859
0.000259136
0.000205218
0.000269283
0.000208921
0.000259326
0.000235186
0.00023417
0.000383043
0.000415637
0.000379255
0.000215309
0.000388208
0.000259432
0.000433006
0.00023634
0.000315922
0.00020874
0.000195148
0.000352352
0.000385594
0.000350093
0.000337478
0.000225587
0.000243443
0.000230228
0.000240753
0.000346717
0.000236331
0.00026216
0.000224277
0.00023528
0.000309437
0.000352535
0.000251752
0.000225646
0.000241897
0.00024768
0.000393648
0.000248208
0.000247066
0.000300671
0.000241169
0.00033285
0.000217759
0.000224643
0.000313006
0.000241949
0.000374292
0.00034825
0.000398528
0.000239056
0.000216196
0.000378212
0.000217609
0.000230258
0.000318192
0.000327927
0.000315416
0.000239045
0.000283817
0.000355141
0.000214354
0.000265532
0.000214296
0.000366981
0.00023888
0.000249379
0.0002536
0.000421526
0.000245571
0.000260841
0.000201711
0.000235467
0.000257178
0.000362274
0.000363405
0.000383115
0.000342082
0.000338817
0.000349858
0.000356506
0.000373583
0.000319755
0.00024129
0.000213817
0.00031742
0.000351461
0.000269318
0.000304754
0.000222793
0.000220257
0.000256921
0.000180383
0.000191875
0.00019618
0.00019793
0.000177825
0.00018274
0.000232817
0.000203809
0.000284388
0.000206354
0.000225704
0.000208088
0.000174799
0.000173277
0.000304017
0.000314519
0.000303639
0.000289919
0.000276499
0.000290583
0.000295121
0.00128561
0.000333704
0.000275279
0.000315374
0.000420705
0.000255577
0.000276588
0.000424019
0.00026665
0.000384034
0.000264983
0.000227206
0.000258832
0.000276996
0.000371711
0.000262677
0.000307639
0.000493362
0.000410222
0.000270788
0.000318026
0.000426886
0.000332564
0.00027251
0.000245108
0.000242034
0.00029513
0.000261879
0.000453236
0.000434031
0.000315107
0.000275779
0.000299507
0.000243268
0.000262298
0.000634583
0.000446013
0.00034153
0.000269925
0.000255628
0.000300465
0.000280681
0.000288376
0.000436664
0.000384591
0.000445366
0.000759085
0.000480827
0.000457672
0.000412478
0.000288423
0.000397287
0.000265678
0.000296062
0.000571438
0.00068874
0.000288855
0.000549988
0.000482162
0.000488325
0.000305939
0.000408279
0.000383488
0.000312508
0.000281197
0.000338417
0.000273566
0.00027402
0.000280621
0.00028909
0.000505429
0.000290852
0.00032908
0.000422166
0.000313787
0.000293135
0.000431562
0.00044144
0.000481335
0.000739222
0.00076369
0.000306566
0.000501129
0.000290841
0.000283541
0.000313743
0.000278658
0.000298035
0.000308246
0.000481863
0.000310755
0.000516649
0.000473446
0.000435699
0.000316976
0.000290338
0.000281816
0.000438133
0.000438279
0.00029911
0.000357644
0.000315054
0.000390479
0.000313389
0.000335359
0.00047033
0.000445099
0.000509478
0.000444341
0.000289353
0.00029165
0.000321802
0.000346508
0.000259725
0.000548806
0.000305232
0.000302243
0.000306477
0.000367401
0.000479047
0.000307346
0.000488195
0.000524986
0.000367287
0.000331661
0.000439454
0.000332224
0.00030242
0.000348463
0.000453885
0.00047318
0.000453821
0.000382542
0.000426706
0.000341598
0.000299236
0.000425212
0.00038627
0.000287046
0.000370601
0.000260986
0.000330352
0.000476437
0.000302897
0.000288467
0.00026856
0.000291624
0.000402082
0.000412615
0.000259994
0.000276646
0.000241714
0.000354834
0.000440401
0.00027381
0.000401047
0.00041351
0.000284201
0.000234477
0.000283227
0.000432011
0.000281555
0.000329341
0.000291157
0.000296713
0.000347256
0.000260681
0.000253369
0.000279
0.000395897
0.000304137
0.000296614
0.000307431
0.000300312
0.000242748
0.000262509
0.000289265
0.000274443
0.000244194
0.000244185
0.000270371
0.000279308
0.000286166
0.000265401
0.000349759
0.00024141
0.000275038
0.000242485
0.000392406
0.000251573
0.00026611
0.000272783
0.000252276
0.000276146
0.000471514
0.000374023
0.000281436
0.000386885
0.000411057
0.000296927
0.000378126
0.000316863
0.00037114
0.000265144
0.000334531
0.000265028
0.000364482
0.000263505
0.000265179
0.000233129
0.000272853
0.000279236
0.000434403
0.000229692
0.000247576
0.000378786
0.000391107
0.000259575
0.00034589
0.000346686
0.000335085
0.000335394
0.000262251
0.00027332
0.000259701
0.0002495
0.00024821
0.000217695
0.000276653
0.000233578
0.000251493
0.000309044
0.000257043
0.000238035
0.000259824
0.000366775
0.000387763
0.000367143
0.000380468
0.000367148
0.000383724
0.000440874
0.000388283
0.000269595
0.000306817
0.000403477
0.000227583
0.000237962
0.000256752
0.000328629
0.000309352
0.000285098
0.000333345
0.000205219
0.00022865
0.000301877
0.00035071
0.000354842
0.000299438
0.000279514
0.000263839
0.000244453
0.000287603
0.000226672
0.000240571
0.000221978
0.000207563
0.000241488
0.000229811
0.000231578
0.000326434
0.000236534
0.000226035
0.000228384
0.000209113
0.000212613
0.000204194
0.000198608
0.000184909
0.000241695
0.000173734
0.000166486
0.000173228
0.000187883
0.000189772
0.00018855
0.00019023
0.000196236
0.000303549
0.000197241
0.000182158
0.000199484
0.000227888
0.000332258
0.000193103
0.000203874
0.000242604
0.000206135
0.000226049
0.00038121
0.000202526
0.00030425
0.000180728
0.000192236
0.00024373
0.000172289
0.000176949
0.000186683
0.000258812
0.000248787
0.000256668
0.000295772
0.000209802
0.000229372
0.000193564
0.000197089
0.000194346
0.000350684
0.000306772
0.000200103
0.000214097
0.000205578
0.000214782
0.00021069
0.0002364
0.000169481
0.000262476
0.000158316
0.000161248
0.000272631
0.00017187
0.000361557
0.000303021
0.000317478
0.000251381
0.000354706
0.000337618
0.00030506
0.000335249
0.000233987
0.000328512
0.000302546
0.000338088
0.000353367
0.000355759
0.000201095
0.000178475
0.000234513
0.000303716
0.000191904
0.000328499
0.000205542
0.000186335
0.000262564
0.000225619
0.000199438
0.000333919
0.000324379
0.000257069
0.000169303
0.000166785
0.000226367
0.00016908
0.000149912
0.000179744
0.000172152
0.00016387
0.000297317
0.000199248
0.000263906
0.000207324
0.000281253
0.000207415
0.000172584
0.000192847
0.000202569
0.000337118
0.000233712
0.000224883
0.000202101
0.000213638
0.000269489
0.000183235
0.00020959
0.000188835
0.00021941
0.000184388
0.000191204
0.000268401
0.000210254
0.000179607
0.000191788
0.000205637
0.000222433
0.000190661
0.000277012
0.000182373
0.000203435
0.000170559
0.000267602
0.000184397
0.000230141
0.00025905
0.000217721
0.000369547
0.000225668
0.000189984
0.000229762
0.000319646
0.000204874
0.000204039
0.000185034
0.000182287
0.000188185
0.000191658
0.00028353
0.000161109
0.000148138
0.00014965
0.000158595
0.000221989
0.000232706
0.000190608
0.000255538
0.000204895
0.000205729
0.000160462
0.000162306
0.000181568
0.000271982
0.000249438
0.000172096
0.000171089
0.000181069
0.000249901
0.000227473
0.000268557
0.000190805
0.000258697
0.00019186
0.000289065
0.000230495
0.00018561
0.000176182
0.000300675
0.000242808
0.000274997
0.000203315
0.000353914
0.000175678
0.000206101
0.000188127
0.000165153
0.000170609
0.000179975
0.000165403
0.000177265
0.000204124
0.0002565
0.000290112
0.000285035
0.000179801
0.000174072
0.00018261
0.000252456
0.000167887
0.000200886
0.000268917
0.000170901
0.000298073
0.000191217
0.000206968
0.000201835
0.000173271
0.000284212
0.000172818
0.000181833
0.000179182
0.000168509
0.000177101
0.000194666
0.000159273
0.000198433
0.000278251
0.000254759
0.000255665
0.000196551
0.000189062
0.00016389
0.000171314
0.000200712
0.000248497
0.000168815
0.000235748
0.000241222
0.000279575
0.000222622
0.000178494
0.000276887
0.000156255
0.000190787
0.000269238
0.0002433
0.000140049
0.000215392
0.000169229
0.000197156
0.000184257
0.000174739
0.000149587
0.000185088
0.000320989
0.000179123
0.000261431
0.000167593
0.000212048
0.000214901
0.000166715
0.000188676
0.000314463
0.00020339
0.000202009
0.000189439
0.000180904
0.000185606
0.000193807
0.000210879
0.000190846
0.000184131
0.000182218
0.000194327
0.000157626
0.00019981
0.000172628
0.000173501
0.000188892
0.000297529
0.000190015
0.000189076
0.000207135
0.000169016
0.000279987
0.000187699
0.000209365
0.000201834
0.000208241
0.00016899
0.000179692
0.000179976
0.000186042
0.000190874
0.000276964
0.000291783
0.000179819
0.000191191
0.000303117
0.00020572
0.00023529
0.000193628
0.000209664
0.000213912
0.000268247
0.000210137
0.000326729
0.000330341
0.000197026
0.000221726
0.000314884
0.000329384
0.00023289
0.000301661
0.000205482
0.000188348
0.000246257
0.000292965
0.000265889
0.000258918
0.00026264
0.000231449
0.000147381
0.000164631
0.000123623
0.000130846
0.000135218
0.000132169
0.000211616
0.000136135
0.000203093
0.000179058
0.000125967
0.000178437
0.0002023
0.000201418
0.000225438
0.000196598
0.00019053
0.000154115
0.000154984
0.000124619
0.000141235
0.00013824
0.000199628
0.000177763
0.000172571
0.000145864
0.000196466
0.00017068
0.00017089
0.000168682
0.000159622
0.000166454
0.000203104
0.000174702
0.000192717
0.000277558
0.000277026
0.000302861
0.000184335
0.000218204
0.000208689
0.00023476
0.00026131
0.000205044
0.000174381
0.00018827
0.00016614
0.000158399
0.000182824
0.000200428
0.000322713
0.000212101
0.000189534
0.000354271
0.000215777
0.000337296
0.000219587
0.000250293
0.000232357
0.000349598
0.000224687
0.000450998
0.000204054
0.000223505
0.000352586
0.00027131
0.000324021
0.000382096
0.000223665
0.00020835
0.000348648
0.00023832
0.000332365
0.000362119
0.000261828
0.000260176
0.00039163
0.000233191
0.000238862
0.000253956
0.000232769
0.000221226
0.000228075
0.000262394
0.000260256
0.000259548
0.000214952
0.000237019
0.000241153
0.000238979
0.00023728
0.000227287
0.000244719
0.00025839
0.000234399
0.000276983
0.000413473
0.000255354
0.000237565
0.00022788
0.000249604
0.000247852
0.000253559
0.000254315
0.000470869
0.000382368
0.00022806
0.000249899
0.000407333
0.000371425
0.000270603
0.000287096
0.000239676
0.000258657
0.000210584
0.000239924
0.000256257
0.000248488
0.000222525
0.000347515
0.000211316
0.000244774
0.000248667
0.000301525
0.000263775
0.000358257
0.000239452
0.000348568
0.000215876
0.00026123
0.000250816
0.000233604
0.000350839
0.000318688
0.000398971
0.000343863
0.000244531
0.000379922
0.000288513
0.000372477
0.000252937
0.000291933
0.000295978
0.000266151
0.00031754
0.000330216
0.000278529
0.00027285
0.000290576
0.000303174
0.000303735
0.000322442
0.000300997
0.000307045
0.000297086
0.000298161
0.00033817
0.00028349
0.000281828
0.000271516
0.00027457
0.00030853
0.000301329
0.000331476
0.000340498
0.000445034
0.000510198
0.000445044
0.00028508
0.000301868
0.000326561
0.000352679
0.000306501
0.000432497
0.000291631
0.000319289
0.000304403
0.000359732
0.000403061
0.000444411
0.000295801
0.000483542
0.000314449
0.000299633
0.000344801
0.00036111
0.000317103
0.000281582
0.000319317
0.000302434
0.000328639
0.000336606
0.000384149
0.000287551
0.00045846
0.000304567
0.000354091
0.000308174
0.000346496
0.000319493
0.000341705
0.000322883
0.000332901
0.000317642
0.000310138
0.000370642
0.000308981
0.000302384
0.000307233
0.000333753
0.000528084
0.000537818
0.000349075
0.000301281
0.000342528
0.000474202
0.000318727
0.000505566
0.000300785
0.000428255
0.000534261
0.000276198
0.000535377
0.000476534
0.000540571
0.000293654
0.000296863
0.000310032
0.000448208
0.000494092
0.000294432
0.000306366
0.000320958
0.000355178
0.000362603
0.00037668
0.000327484
0.000345399
0.000325013
0.000482822
0.000512616
0.000517297
0.000494997
0.000458195
0.000489885
0.000457795
0.000505134
0.000543257
0.000305117
0.000584453
0.000517117
0.000343875
0.000306705
0.000329029
0.000344013
0.000536986
0.00054086
0.000486129
0.000301395
0.000510766
0.000320788
0.000393823
0.000331017
0.00030965
0.00032642
0.000321215
0.000328064
0.000303147
0.000307812
0.000317666
0.000325739
0.000385629
0.000307415
0.000320363
0.000313833
0.000293835
0.0003061
0.000302333
0.000314653
0.000362075
0.000301635
0.000326166
0.00030636
0.000327916
0.000469225
0.000491234
0.000315588
0.000308488
0.000370555
0.000350407
0.000333463
0.000338469
0.000402926
0.000302438
0.000306613
0.000345056
0.000310365
0.000313069
0.000337155
0.000420997
0.000327018
0.000329941
0.000307363
0.000318544
0.000324815
0.000300573
0.00031819
0.000305218
0.000512086
0.000504791
0.00031399
0.000525082
0.000550924
0.000331707
0.000341273
0.000306006
0.000308935
0.000294784
0.000311431
0.00034747
0.000298051
0.000338094
0.000358238
0.000318544
0.000494068
0.00046772
0.000316288
0.000312308
0.000484151
0.000535627
0.000509331
0.000500727
0.000514631
0.000316045
0.000334676
0.000306588
0.000527162
0.000486327
0.00049278
0.000304447
0.000335869
0.000342172
0.000331317
0.00029445
0.000296773
0.000303323
0.000304416
0.000356125
0.000322675
0.000325651
0.000337259
0.000297193
0.000299276
0.000422405
0.000320169
0.000341657
0.000305494
0.000312043
0.000288985
0.00029901
0.000475757
0.00054354
0.000289638
0.000345236
0.000358452
0.000296184
0.000288481
0.000298723
0.000348119
0.00027711
0.000495302
0.000314274
0.00029947
0.00029502
0.000343173
0.000555143
0.000569976
0.000475881
0.000546393
0.000352293
0.000313745
0.000312309
0.000295906
0.000317302
0.00031606
0.000484589
0.0002939
0.00045447
0.000318767
0.000375847
0.00030942
0.000451185
0.000514623
0.000511116
0.000317907
0.000334448
0.00035279
0.000324
0.000311591
0.000323492
0.00029449
0.000330004
0.000564818
0.000319645
0.000341398
0.000300247
0.000496248
0.000509891
0.000319162
0.000325592
0.000311447
0.000329821
0.000320666
0.000312248
0.000303655
0.000315627
0.000340605
0.000370331
0.000306499
0.000317393
0.000495624
0.000311196
0.000380412
0.000302934
0.000336387
0.000308815
0.000314687
0.000295412
0.00036694
0.000384553
0.000348525
0.000551625
0.000506029
0.000464823
0.00030303
0.000306723
0.000305066
0.000426058
0.000304258
0.000318948
0.000459566
0.000293091
0.000313041
0.000302099
0.000430535
0.00028586
0.000330166
0.000518747
0.000699163
0.000760182
0.000485831
0.000522298
0.000298147
0.000373206
0.000326657
0.000312982
0.000335194
0.000319064
0.000316308
0.000461662
0.000538493
0.00050613
0.000483525
0.000328108
0.000344757
0.000325384
0.000334997
0.000325131
0.000436969
0.000309373
0.000307965
0.00045976
0.000321015
0.00034636
0.000305877
0.000305834
0.000317493
0.000344983
0.000317936
0.000316432
0.000321321
0.000313847
0.000319366
0.000367859
0.000335693
0.000355147
0.000319345
0.000319978
0.000494313
0.000321635
0.000322295
0.000346888
0.000354111
0.000308466
0.000494002
0.00053657
0.000297704
0.000363565
0.000316065
0.000521202
0.000378154
0.000321767
0.000356127
0.000310256
0.000390365
0.000319625
0.000516123
0.000306202
0.000362424
0.000332782
0.000373223
0.00030522
0.000321635
0.000303291
0.000316866
0.000311418
0.000311749
0.000352761
0.00033694
0.000550488
0.00065898
0.000306852
0.000413994
0.00032367
0.000474029
0.000501682
0.000354851
0.000525152
0.000376872
0.000500502
0.000492282
0.000465848
0.000558849
0.000474232
0.000522079
0.000307131
0.000309327
0.000306536
0.00052177
0.000334784
0.000335803
0.000382695
0.00032239
0.000316021
0.000478855
0.000316619
0.000292617
0.000302504
0.000531827
0.000318965
0.000314546
0.000354059
0.00033275
0.000357017
0.000493848
0.000526689
0.000304262
0.000331244
0.000313527
0.000345998
0.00035166
0.000460065
0.000329664
0.000360816
0.000547416
0.000315229
0.00034231
0.000321531
0.000318126
0.000340877
0.000492423
0.000352753
0.000435077
0.000397586
0.00048168
0.000507607
0.000341018
0.00044417
0.000307443
0.000301453
0.000313635
0.000338201
0.000315637
0.000295053
0.000333243
0.000361405
0.000303533
0.000314867
0.000316684
0.000528907
0.000495342
0.000488647
0.000525824
0.000522185
0.000493618
0.000601468
0.000420019
0.000292504
0.000297022
0.000338491
0.000310531
0.000322792
0.000307115
0.000326856
0.000313021
0.000311764
0.000363067
0.000347684
0.000345286
0.000496072
0.000327384
0.000335797
0.000299275
0.000532942
0.000301897
0.000315571
0.000505758
0.000323176
0.000306298
0.000311073
0.000338399
0.000448032
0.000313768
0.000464949
0.000346834
0.00035364
0.000348002
0.000327902
0.000283042
0.000306526
0.000547331
0.00036579
0.000301903
0.000309953
0.000309341
0.000302263
0.000301091
0.000534995
0.000550102
0.000469569
0.000503489
0.000535693
0.000519778
0.000310557
0.000306933
0.000500413
0.00031299
0.00028764
0.000334806
0.000312148
0.000296895
0.00031247
0.000410933
0.00048773
0.00030182
0.000316808
0.000313805
0.000390757
0.000310498
0.000317919
0.000468814
0.00035314
0.000355776
0.000340232
0.000503732
0.000375702
0.000335614
0.000316071
0.000284762
0.000331849
0.00028785
0.000382345
0.000516347
0.000325412
0.000439553
0.000306179
0.000314939
0.000313523
0.000482714
0.000473834
0.000476957
0.000481237
0.000518075
0.000500047
0.000503754
0.000491314
0.000472041
0.000469868
0.000319998
0.0003293
0.000335789
0.000304435
0.000310152
0.000309499
0.000311403
0.000321519
0.000316851
0.000326834
0.000303403
0.00027898
0.000337047
0.000302952
0.000313651
0.000298508
0.000408272
0.000413765
0.00032045
0.000509035
0.000301059
0.000385541
0.000518334
0.000300407
0.000331619
0.000303554
0.000548979
0.000304772
0.000320477
0.000299117
0.000307035
0.000447622
0.000305212
0.000616839
0.000374071
0.000314522
0.000304272
0.000285374
0.000297603
0.000436318
0.000474914
0.000468378
0.000405176
0.000307558
0.000327075
0.000303786
0.000479818
0.000281009
0.00028713
0.000310021
0.000277621
0.000286769
0.000284708
0.000310152
0.000308268
0.000309217
0.000261625
0.000320456
0.000299899
0.000302871
0.000477087
0.000479615
0.00051506
0.000292585
0.000416149
0.000288345
0.000255168
0.000293122
0.00028433
0.000271651
0.000313757
0.000325698
0.00044425
0.000456524
0.000460116
0.000309972
0.000292216
0.000301027
0.000277009
0.00028778
0.000464625
0.000487002
0.000468428
0.000315828
0.00031614
0.000308094
0.00030087
0.000312385
0.000344325
0.000641221
0.000328984
0.000290591
0.000292041
0.000295541
0.000309726
0.000308739
0.000281885
0.000306162
0.000301578
0.000479652
0.000567613
0.000309678
0.000321361
0.000339367
0.000314949
0.000342595
0.000299066
0.000308681
0.000344428
0.000301774
0.000317635
0.000410715
0.000305127
0.000287573
0.000333185
0.000356249
0.00031462
0.000320762
0.000316018
0.000294361
0.000303042
0.000310413
0.000755214
0.0002946
0.000342928
0.000300838
0.000315115
0.000301394
0.00029596
0.000305359
0.000297432
0.000289727
0.000336058
0.000317939
0.000281401
0.000302714
0.000300252
0.000283091
0.000491769
0.000493489
0.000318651
0.000471223
0.000367048
0.000305527
0.000298922
0.000433628
0.000570681
0.000541747
0.000541202
0.000507542
0.000320876
0.000515779
0.000529377
0.000459469
0.000303016
0.000308429
0.000289253
0.000482823
0.000500135
0.000472617
0.00048394
0.000509537
0.000305273
0.000295392
0.000482476
0.000475744
0.000313662
0.000307355
0.000477748
0.000296922
0.000291392
0.000311037
0.000350259
0.000304536
0.000326437
0.000318867
0.000293152
0.000301482
0.000377269
0.000297214
0.000307891
0.000493662
0.000311841
0.000341875
0.000320731
0.000474633
0.000447534
0.000315226
0.000319072
0.000317379
0.000313618
0.000345329
0.00044864
0.000316461
0.000521846
0.00030222
0.000309207
0.000291551
0.00029939
0.00031582
0.000500852
0.000541489
0.000482824
0.000495232
0.000282999
0.00030622
0.000334659
0.000284372
0.000316234
0.00029393
0.000294011
0.000458873
0.000278409
0.000277684
0.000281754
0.000295155
0.000301376
0.000278102
0.000469709
0.000380631
0.000289913
0.000302583
0.000300885
0.000307126
0.000358648
0.00044343
0.000293047
0.000316439
0.000305426
0.000341551
0.000304686
0.000466118
0.000301853
0.000396539
0.000313114
0.000295873
0.00030052
0.000310949
0.000296357
0.000314268
0.000381974
0.000322586
0.000299556
0.000296268
0.000418998
0.000295129
0.000312788
0.00031766
0.000300934
0.000442375
0.000506868
0.000291744
0.000540057
0.000506339
0.000497735
0.000506771
0.00050993
0.000457258
0.000533412
0.000503387
0.000331147
0.000517583
0.000287884
0.000302005
0.000312405
0.000283724
0.000481148
0.000302874
0.000300466
0.000290883
0.000332725
0.0003268
0.000319446
0.00029515
0.000293084
0.000534553
0.000476874
0.000473843
0.000284655
0.000290391
0.000291553
0.000467307
0.00027838
0.000516368
0.00050407
0.000495282
0.000580275
0.000289988
0.000303354
0.000489468
0.000296435
0.000372058
0.000325276
0.000291953
0.00030427
0.00028295
0.000300163
0.000303809
0.000493468
0.000307112
0.000326438
0.000281465
0.00045622
0.000302363
0.00044879
0.00031859
0.00039685
0.000282237
0.000284422
0.000266001
0.000283953
0.000312181
0.0002724
0.000463914
0.00027172
0.000311721
0.000267244
0.000488139
0.000288086
0.00044157
0.000288333
0.00028101
0.000244839
0.000253218
0.000380471
0.000261712
0.000257245
0.000280957
0.000425505
0.000403075
0.000280079
0.000271088
0.000286156
0.000303368
0.000327194
0.000286367
0.000295762
0.000301942
0.00029469
0.000455635
0.000308648
0.000308169
0.000278586
0.000297719
0.000448878
0.000315463
0.000311525
0.000261114
0.000325195
0.000333119
0.000316037
0.000554606
0.000302842
0.000467135
0.000453611
0.000262649
0.000279812
0.000270134
0.000284244
0.000275225
0.000435724
0.000283779
0.000304179
0.00037975
0.0004381
0.000290726
0.000407195
0.000287428
0.000300107
0.000267594
0.000261241
0.000302066
0.000423929
0.000282401
0.000268688
0.000313757
0.000311539
0.000323037
0.000333327
0.000310697
0.000271494
0.000449026
0.0002622
0.000274734
0.000277442
0.000269091
0.000274928
0.000322016
0.000280296
0.000338768
0.000320265
0.00029803
0.000284923
0.000320631
0.000271586
0.000298248
0.000400737
0.000309338
0.000279457
0.000258782
0.000263988
0.000281638
0.000289204
0.000331841
0.000366391
0.000313476
0.000303179
0.000305389
0.000320297
0.000485688
0.000278073
0.000261225
0.000496025
0.000278378
0.000302285
0.000245861
0.000459157
0.000411215
0.000478747
0.000317722
0.000431113
0.000442157
0.000490258
0.000388408
0.000289403
0.000282397
0.000299088
0.000315875
0.000328461
0.000293194
0.00025353
0.000265598
0.000278171
0.000323465
0.000273884
0.000422233
0.000339378
0.000269662
0.000258261
0.000364018
0.000264355
0.000408731
0.000233809
0.000457879
0.000503724
0.000294316
0.000341022
0.000262935
0.000465342
0.000634662
0.00067797
0.000332865
0.000266083
0.000262061
0.000259734
0.000294634
0.000292991
0.000242259
0.000287722
0.000383928
0.000349297
0.000243655
0.000235506
0.000240706
0.000254051
0.000244337
0.000260786
0.000343989
0.000244346
0.000258399
0.000244975
0.000359825
0.000267591
0.000254758
0.000239574
0.000260555
0.00025155
0.000236129
0.000244429
0.000264403
0.000242818
0.000239463
0.000242385
0.000242543
0.000230648
0.000252086
0.000274589
0.000267149
0.000271013
0.000258126
0.000299772
0.000289007
0.000425408
0.000352167
0.00025297
0.000390281
0.000430794
0.000354004
0.000276016
0.000274037
0.000423526
0.000468488
0.000275773
0.000300324
0.000433547
0.000244701
0.000352805
0.000370931
0.000270306
0.000256658
0.000276869
0.000276091
0.000431565
0.000274078
0.00037075
0.000387278
0.000267428
0.000216959
0.00019739
0.000186485
0.000238798
0.000302658
0.00024288
0.000392644
0.000271926
0.000276103
0.00026903
0.00028858
0.000296646
0.000282295
0.000282091
0.000322322
0.000297958
0.000294221
0.000310889
0.000376356
0.000375192
0.000475886
0.000320808
0.000315006
0.000313639
0.000294067
0.000251341
0.000259217
0.000264432
0.000288501
0.000317201
0.000251162
0.000245114
0.000243201
