5.274e-06
1.237e-06
1.41e-06
1.517e-06
1.301e-06
1.145e-06
1.076e-06
1.443e-06
1.158e-06
1.276e-06
1.637e-06
1.137e-06
1.23e-06
1.189e-06
1.099e-06
1.289e-06
9.84e-07
1.197e-06
1.07e-06
1.241e-06
1.267e-06
1.203e-06
9.18e-07
9.16e-07
1.219e-06
1.132e-06
1.051e-06
1.038e-06
9.97e-07
1.043e-06
9.93e-07
1.202e-06
1.069e-06
9.73e-07
1.295e-06
1.012e-06
9.61e-07
1.086e-06
9.59e-07
1.073e-06
1.263e-06
9.96e-07
9.96e-07
9.98e-07
9.53e-07
1.078e-06
1.209e-06
1.31e-06
1.228e-06
1.1e-06
1.587e-06
2.4394e-05
2.6086e-05
2.4932e-05
3.6344e-05
1.7145e-05
3.4288e-05
3.3656e-05
1.5414e-05
1.0975e-05
1.1689e-05
1.1425e-05
9.656e-06
2.1413e-05
1.2218e-05
1.0794e-05
1.1561e-05
1.0093e-05
9.647e-06
1.0024e-05
1.1208e-05
2.2759e-05
1.0525e-05
1.0225e-05
1.1873e-05
2.5178e-05
1.1645e-05
3.4276e-05
1.1109e-05
1.0535e-05
1.0374e-05
2.0219e-05
2.8159e-05
1.2215e-05
9.928e-06
6.879e-06
2.4079e-05
1.4608e-05
1.0603e-05
7.142e-06
7.829e-06
8.136e-06
8.936e-06
7.416e-06
8.093e-06
6.702e-06
6.154e-06
7.69e-06
1.0119e-05
9.036e-06
8.908e-06
1.9388e-05
8.096e-06
6.809e-06
2.1152e-05
9.58e-06
9.278e-06
6.126e-06
2.1108e-05
7.488e-06
6.569e-06
8.377e-06
6.393e-06
5.854e-06
7.957e-06
6.254e-06
1.3523e-05
8.041e-06
7.772e-06
8.649e-06
6.205e-06
4.967e-06
5.561e-06
6.664e-06
1.7604e-05
7.81e-06
1.9332e-05
6.302e-06
7.497e-06
6.43e-06
1.7779e-05
3.791e-06
4.026e-06
6.025e-06
4.866e-06
3.067e-06
4.256e-06
4.484e-06
6.153e-06
3.793e-06
4.355e-06
4.987e-06
8.127e-06
5.655e-06
1.6898e-05
4.09e-06
5.914e-06
5.373e-06
1.9287e-05
7.793e-06
4.512e-06
6.463e-06
9.473e-06
2.3116e-05
8.293e-06
8.276e-06
8.822e-06
7.686e-06
8.703e-06
1.9352e-05
1.2826e-05
6.566e-06
6.587e-06
5.32e-06
5.336e-06
1.9356e-05
2.3525e-05
1.0103e-05
7.432e-06
1.7808e-05
9.068e-06
2.1337e-05
8.527e-06
1.3499e-05
2.1997e-05
8.901e-06
1.0018e-05
1.101e-05
1.1219e-05
1.234e-06
1.033e-06
1.025e-06
9.88e-07
2.054e-06
1.152e-06
1.196e-06
1.235e-06
1.122e-06
1.117e-06
9.7e-07
1.282e-06
1.073e-06
1.333e-06
1.065e-06
1.057e-06
1.209e-06
1.077e-06
1.22e-06
8.64e-07
1.122e-06
1.347e-06
1.169e-06
1.278e-06
1.196e-06
1.643e-06
1.236e-06
1.242e-06
1.097e-06
1.162e-06
1.245e-06
1.458e-06
1.705e-06
1.137e-06
1.174e-06
1.204e-06
1.248e-06
1.753e-06
1.611e-06
1.2e-06
1.18e-06
1.951e-06
1.357e-06
1.254e-06
1.671e-06
1.471e-06
2.011e-06
1.363e-06
1.315e-06
1.214e-06
1.125e-06
1.014e-06
1.178e-06
1.278e-06
1.293e-06
1.121e-06
1.615e-06
1.495e-06
1.242e-06
1.574e-06
1.162e-06
1.087e-06
1.084e-06
1.796e-06
1.175e-06
1.549e-06
1.217e-06
1.392e-06
1.465e-06
1.251e-06
1.488e-06
1.178e-06
1.362e-06
1.188e-06
1.238e-06
1.014e-06
1.337e-06
2.426e-06
1.116e-06
1.408e-06
1.425e-06
1.693e-06
1.345e-06
1.15e-06
1.216e-06
1.159e-06
1.25e-06
1.675e-06
1.003e-06
1.151e-06
1.11e-06
1.26e-06
1.339e-06
1.472e-06
1.29e-06
1.279e-06
1.307e-06
1.913e-06
1.227e-06
1.413e-06
1.214e-06
1.364e-06
1.254e-06
1.6237e-05
1.65e-06
1.499e-06
1.6912e-05
1.3e-06
1.459e-06
1.224e-06
1.256e-06
2.302e-06
1.458e-06
1.566e-06
1.633e-06
1.357e-06
1.395e-06
1.492e-06
1.384e-06
1.363e-06
1.43e-06
1.226e-06
1.395e-06
1.379e-06
1.18e-06
2.893e-06
1.5e-06
1.277e-06
1.672e-06
1.445e-06
1.303e-06
1.113e-06
1.118e-06
1.228e-06
1.193e-06
1.273e-06
1.376e-06
1.535e-06
1.463e-06
1.22e-06
1.7e-06
1.13e-06
1.249e-06
1.4e-06
2.2e-06
1.409e-06
1.294e-06
1.296e-06
2.494e-06
1.416e-06
1.564e-06
1.144e-06
1.268e-06
1.38e-06
1.3e-06
1.213e-06
1.425e-06
1.379e-06
1.763e-06
1.198e-06
1.239e-06
1.31e-06
1.7e-06
1.274e-06
1.706e-06
1.253e-06
1.15e-06
1.024e-06
1.285e-06
1.084e-06
1.457e-06
1.656e-06
1.122e-06
1.514e-06
1.577e-06
1.294e-06
1.225e-06
1.112e-06
1.145e-06
1.85e-06
1.921e-06
1.099e-06
1.25e-06
1.61e-06
1.384e-06
1.441e-06
1.567e-06
1.544e-06
1.404e-06
1.295e-06
1.272e-06
1.292e-06
1.4e-06
1.51e-06
1.378e-06
1.035e-06
1.19e-06
1.026e-06
1.049e-06
1.381e-06
1.485e-06
1.406e-06
1.378e-06
2.28e-06
1.506e-06
1.363e-06
1.17e-06
1.297e-06
1.685e-06
1.335e-06
1.413e-06
1.555e-06
1.708e-06
1.624e-06
1.219e-06
1.861e-06
1.455e-06
1.341e-06
1.056e-06
1.644e-06
1.53e-06
1.273e-06
1.499e-06
1.488e-06
1.283e-06
1.747e-06
1.118e-06
1.224e-06
1.186e-06
1.31e-06
1.269e-06
1.317e-06
1.456e-06
1.158e-06
1.267e-06
1.341e-06
1.299e-06
1.356e-06
1.321e-06
1.331e-06
1.271e-06
1.208e-06
2.313e-06
1.367e-06
1.256e-06
1.834e-06
1.362e-06
1.427e-06
1.323e-06
1.313e-06
1.902e-06
1.716e-06
1.286e-06
1.492e-06
1.595e-06
1.554e-06
1.706e-06
1.514e-06
1.736e-06
1.337e-06
1.378e-06
1.197e-06
1.154e-06
1.697e-06
1.267e-06
1.299e-06
1.338e-06
1.235e-06
1.076e-06
1.286e-06
1.254e-06
1.831e-06
1.232e-06
1.382e-06
1.301e-06
1.179e-06
1.641e-06
1.364e-06
1.605e-06
1.354e-06
1.239e-06
1.434e-06
1.23e-06
1.34e-06
1.382e-06
1.262e-06
1.366e-06
1.245e-06
1.772e-06
1.201e-06
1.506e-06
1.469e-06
1.392e-06
1.386e-06
1.322e-06
1.3e-06
1.687e-06
1.462e-06
1.545e-06
1.275e-06
1.77e-06
1.255e-06
1.325e-06
1.637e-06
1.392e-06
1.603e-05
1.286e-06
1.877e-06
5.331e-06
1.319e-06
2.12e-06
1.277e-06
1.397e-06
1.655e-06
1.37e-06
1.38e-06
1.548e-06
1.265e-06
1.25e-06
1.29e-06
1.512e-06
1.322e-06
1.266e-06
1.575e-06
1.493e-06
1.187e-06
1.197e-06
1.351e-06
1.48e-06
1.26e-06
2.03e-06
1.213e-06
1.373e-06
1.484e-06
1.21e-06
1.258e-06
1.678e-06
1.236e-06
1.565e-06
1.374e-06
1.326e-06
1.148e-06
1.369e-06
1.265e-06
1.571e-06
1.717e-06
1.422e-06
1.358e-06
1.481e-06
1.168e-06
1.372e-06
1.337e-06
1.4e-06
1.327e-06
1.419e-06
1.522e-06
1.137e-06
1.401e-06
1.287e-06
1.511e-06
1.339e-06
1.294e-06
1.465e-06
1.8605e-05
2.81e-06
1.302e-06
1.515e-06
1.221e-06
1.508e-06
1.625e-06
2.057e-06
1.14e-06
1.429e-06
1.524e-06
1.671e-06
1.699e-06
1.775e-06
1.697e-06
1.346e-06
1.213e-06
1.249e-06
1.345e-06
1.206e-06
1.271e-06
1.392e-06
1.457e-06
1.663e-06
1.352e-06
1.328e-06
1.493e-06
1.582e-06
1.41e-06
2.105e-06
1.303e-06
1.88e-06
1.54e-06
1.47e-06
1.425e-06
1.467e-06
1.595e-06
1.701e-06
1.32e-06
1.221e-06
1.24e-06
1.52e-06
1.288e-06
1.515e-06
1.319e-06
1.198e-06
1.713e-06
1.638e-06
2.139e-06
1.534e-06
1.749e-06
1.75e-06
2.45e-06
1.252e-06
1.369e-06
1.257e-06
1.414e-06
1.553e-06
1.236e-06
1.6055e-05
1.272e-06
1.744e-06
1.464e-06
1.299e-06
1.293e-06
1.361e-06
1.344e-06
1.43e-06
1.335e-06
1.656e-06
1.19e-06
1.546e-06
1.19e-06
1.163e-06
1.932e-06
1.789e-06
1.302e-06
2.332e-06
1.341e-06
2e-06
1.27e-06
1.407e-06
1.028e-06
1.356e-06
1.494e-06
1.279e-06
1.318e-06
1.375e-06
1.293e-06
1.825e-06
1.509e-06
1.945e-06
1.62e-06
1.288e-06
1.257e-06
1.222e-06
1.17e-06
1.621e-06
1.091e-06
1.238e-06
1.651e-06
1.169e-06
1.237e-06
1.135e-06
1.409e-06
1.284e-06
1.144e-06
1.249e-06
1.21e-06
1.276e-06
1.175e-06
1.124e-06
1.292e-06
1.235e-06
1.292e-06
1.177e-06
1.558e-06
1.388e-06
1.201e-06
1.08e-06
1.146e-06
1.265e-06
1.157e-06
1.184e-06
1.318e-06
1.812e-06
1.508e-06
1.142e-06
1.233e-06
1.258e-06
1.216e-06
1.247e-06
1.664e-06
1.774e-06
1.825e-06
2.453e-06
1.587e-06
1.6e-06
2.25e-06
1.3193e-05
1.322e-06
1.539e-06
1.461e-06
1.222e-06
1.415e-06
1.451e-06
1.492e-06
1.51e-06
1.285e-06
1.897e-06
1.226e-06
1.247e-06
1.3201e-05
1.442e-06
1.377e-06
1.357e-06
1.35e-06
1.317e-06
1.339e-06
1.452e-06
1.357e-06
1.985e-06
1.331e-06
1.754e-06
1.3965e-05
1.312e-06
1.533e-06
2.41e-06
1.497e-06
1.587e-06
1.3668e-05
1.553e-06
1.494e-06
1.304e-06
1.536e-06
1.458e-06
1.733e-06
1.393e-06
2.42e-06
2.742e-06
1.412e-06
1.383e-06
1.438e-06
1.556e-06
1.341e-06
1.695e-06
2.152e-06
1.327e-06
1.392e-06
1.64e-06
1.594e-06
1.468e-06
1.356e-06
1.867e-06
1.427e-06
1.746e-06
1.309e-06
1.954e-06
1.408e-06
1.388e-06
1.73e-06
1.672e-06
1.293e-06
1.347e-06
3.7554e-05
4.8616e-05
3.334e-05
4.7543e-05
4.7589e-05
4.9678e-05
5.0433e-05
3.5003e-05
5.2549e-05
3.6871e-05
3.1339e-05
3.9337e-05
3.7873e-05
5.5557e-05
4.6663e-05
3.8214e-05
3.5603e-05
3.6642e-05
3.6116e-05
3.8779e-05
3.4192e-05
4.0502e-05
5.2741e-05
3.2416e-05
3.0967e-05
3.3181e-05
4.341e-05
3.4742e-05
3.4974e-05
3.262e-05
3.2936e-05
3.458e-05
5.3061e-05
3.3822e-05
3.1401e-05
6.0823e-05
3.6168e-05
4.7256e-05
3.4937e-05
6.2512e-05
4.8317e-05
3.2787e-05
4.7015e-05
5.1015e-05
4.8105e-05
3.5205e-05
3.4609e-05
3.9535e-05
4.6793e-05
3.9622e-05
4.762e-05
3.9172e-05
3.9915e-05
3.3922e-05
4.776e-05
3.6965e-05
4.6527e-05
3.5737e-05
3.1274e-05
3.535e-05
3.2444e-05
3.5641e-05
3.8428e-05
4.5621e-05
3.3953e-05
3.3446e-05
2.9727e-05
3.3438e-05
3.1557e-05
3.2239e-05
3.0541e-05
3.0418e-05
6.651e-05
4.2474e-05
6.1489e-05
2.9454e-05
3.5416e-05
3.53e-05
3.6746e-05
5.0967e-05
3.2079e-05
4.0088e-05
3.8357e-05
3.7363e-05
4.0697e-05
3.6227e-05
3.4181e-05
3.6379e-05
4.7581e-05
3.9952e-05
4.9642e-05
3.9565e-05
5.8047e-05
4.2253e-05
3.8287e-05
4.1463e-05
4.1088e-05
4.0789e-05
5.1155e-05
3.812e-05
3.6467e-05
3.4872e-05
3.1755e-05
4.4907e-05
3.2721e-05
4.6415e-05
2.7611e-05
1.738e-06
1.201e-06
1.423e-06
1.266e-06
1.176e-06
1.532e-06
1.21e-06
1.224e-06
1.625e-06
1.483e-06
1.483e-06
1.571e-06
1.448e-06
1.483e-06
1.285e-06
1.368e-06
1.315e-06
1.101e-06
1.275e-06
1.265e-06
1.207e-06
1.364e-06
1.364e-06
1.74e-06
2.04e-06
1.484e-06
1.611e-06
1.232e-06
1.244e-06
1.229e-06
1.252e-06
1.169e-06
1.298e-06
1.066e-06
1.759e-06
1.211e-06
1.374e-06
1.171e-06
1.462e-06
1.26e-06
1.151e-06
1.152e-06
1.566e-06
1.133e-06
1.215e-06
1.354e-06
1.58e-06
1.535e-06
1.219e-06
1.085e-06
1.182e-06
1.556e-06
1.315e-06
1.194e-06
1.118e-06
1.041e-06
1.778e-06
8.9e-07
1.865e-06
1.27e-06
1.267e-06
1.072e-06
1.095e-06
1.314e-06
1.046e-06
1.355e-06
1.223e-06
1.345e-06
1.322e-06
1.172e-06
1.322e-06
1.572e-06
1.191e-06
1.2e-06
1.244e-06
1.158e-06
1.073e-06
1.328e-06
1.274e-06
1.361e-06
1.307e-06
1.093e-06
1.327e-06
1.249e-06
1.236e-06
1.288e-06
1.265e-06
1.404e-06
1.299e-06
1.626e-06
1.761e-06
1.098e-06
1.188e-06
1.27e-06
1.358e-06
1.103e-06
1.322e-06
1.303e-06
1.054e-06
1.905e-06
1.538e-06
1.475e-06
1.823e-06
1.298e-06
1.145e-06
1.286e-06
1.43e-06
1.167e-06
1.403e-06
1.503e-06
1.212e-06
1.246e-06
1.055e-06
1.3665e-05
1.313e-06
1.314e-06
1.629e-06
1.594e-06
1.333e-06
1.125e-06
1.185e-06
1.193e-06
1.502e-06
1.43e-06
1.289e-06
1.258e-06
1.221e-06
1.382e-06
1.128e-06
1.208e-06
1.349e-06
1.254e-06
1.22e-06
1.296e-06
1.192e-06
1.108e-06
1.562e-06
1.237e-06
1.17e-06
1.095e-06
1.983e-06
1.265e-06
1.168e-06
1.808e-06
1.094e-06
1.181e-06
1.401e-06
1.158e-06
1.26e-06
1.754e-06
2.444e-06
1.614e-06
1.134e-06
1.137e-06
1.219e-06
1.371e-06
1.246e-06
1.488e-06
1.3332e-05
1.353e-06
1.097e-06
1.248e-06
1.29e-06
1.665e-06
2.257e-06
1.607e-06
1.411e-06
1.503e-06
1.373e-06
1.53e-06
3.368e-06
1.483e-06
1.306e-06
1.384e-06
1.693e-06
1.613e-06
1.374e-06
1.434e-06
1.447e-06
1.307e-06
1.41e-06
1.286e-06
1.503e-06
1.468e-06
1.703e-06
1.365e-06
1.243e-06
1.188e-06
1.606e-06
1.615e-06
1.28e-06
1.323e-06
1.268e-06
1.543e-06
1.316e-06
1.345e-06
1.398e-06
1.226e-06
1.676e-06
1.268e-06
1.509e-06
1.213e-06
1.278e-06
1.268e-06
1.482e-06
1.29e-06
1.305e-06
1.483e-06
1.734e-06
1.455e-06
1.927e-06
1.256e-06
1.148e-06
1.225e-06
1.364e-06
1.996e-06
1.325e-06
1.272e-06
1.94e-06
1.805e-06
1.282e-06
1.33e-06
1.165e-06
1.685e-06
1.222e-06
1.244e-06
1.184e-06
1.279e-06
1.442e-06
1.669e-06
1.89e-06
1.416e-06
1.264e-06
1.34e-06
1.492e-06
1.687e-06
1.165e-06
1.544e-06
1.364e-06
1.3524e-05
1.107e-06
1.152e-06
1.126e-06
1.214e-06
1.34e-06
1.125e-06
1.508e-06
1.691e-06
1.346e-06
1.33e-06
1.24e-06
1.442e-06
1.114e-06
1.408e-06
2.077e-06
1.241e-06
1.2e-06
1.659e-06
1.539e-06
1.4097e-05
1.391e-06
1.615e-06
1.235e-06
1.377e-06
1.825e-06
1.341e-06
1.308e-06
1.319e-06
1.41e-06
1.48e-06
1.382e-06
1.788e-06
1.708e-06
1.179e-06
1.647e-06
1.573e-06
1.904e-06
1.331e-06
1.928e-06
1.313e-06
1.331e-06
1.485e-06
1.355e-06
1.717e-06
1.327e-06
1.409e-06
1.539e-06
1.396e-06
1.149e-06
1.401e-06
1.366e-06
1.371e-06
1.483e-06
1.768e-06
1.199e-06
1.668e-06
1.295e-06
1.447e-06
1.887e-06
1.237e-06
1.803e-06
1.257e-06
1.352e-06
1.401e-06
1.104e-06
1.296e-06
1.744e-06
1.309e-06
1.746e-06
1.434e-06
1.252e-06
1.205e-06
1.337e-06
1.314e-06
1.225e-06
1.681e-06
1.324e-06
1.164e-06
1.202e-06
1.554e-06
1.219e-06
1.214e-06
2.5638e-05
2.824e-05
4.1144e-05
6.2066e-05
5.2448e-05
6.1964e-05
2.7431e-05
3.6749e-05
3.0979e-05
2.647e-05
2.9058e-05
2.4794e-05
2.9389e-05
2.2497e-05
2.4184e-05
2.4236e-05
2.4093e-05
2.8329e-05
2.5338e-05
4.1015e-05
4.0101e-05
3.6928e-05
2.6816e-05
5.3933e-05
2.6436e-05
2.489e-05
3.6697e-05
3.9569e-05
2.6663e-05
4.2455e-05
4.9089e-05
4.1234e-05
2.7068e-05
5.5998e-05
2.6709e-05
3.741e-05
2.4806e-05
3.8898e-05
2.1821e-05
2.2413e-05
3.7033e-05
2.4061e-05
2.776e-05
2.7434e-05
2.4738e-05
2.3261e-05
5.1153e-05
2.4619e-05
5.7678e-05
2.4951e-05
3.1172e-05
2.4009e-05
3.5414e-05
3.6023e-05
4.197e-05
4.0567e-05
2.6757e-05
2.806e-05
2.4294e-05
2.5747e-05
2.7213e-05
2.5085e-05
2.6474e-05
2.7694e-05
2.6507e-05
4.047e-05
2.98e-05
4.4198e-05
2.8498e-05
4.6203e-05
2.8838e-05
3.4884e-05
4.8694e-05
2.8795e-05
2.7685e-05
4.2477e-05
3.1365e-05
3.0432e-05
3.2957e-05
2.9949e-05
2.8342e-05
2.5892e-05
2.6074e-05
2.9285e-05
2.7826e-05
2.5344e-05
3.0213e-05
2.5081e-05
3.0267e-05
2.7563e-05
2.3384e-05
4.2948e-05
3.3129e-05
2.8646e-05
3.0312e-05
3.3754e-05
3.0599e-05
4.2579e-05
2.864e-05
4.0059e-05
3.2807e-05
2.6244e-05
2.6695e-05
2.6071e-05
4.7872e-05
2.5687e-05
5.1887e-05
5.3962e-05
3.7556e-05
4.1124e-05
2.9752e-05
2.6794e-05
4.2189e-05
2.5459e-05
2.6199e-05
2.7568e-05
2.5821e-05
4.1817e-05
2.632e-05
3.9684e-05
2.6877e-05
2.7241e-05
2.888e-05
2.2975e-05
3.4343e-05
4.1294e-05
3.4331e-05
2.6838e-05
5.6326e-05
2.4949e-05
4.3654e-05
2.5561e-05
2.6024e-05
2.4604e-05
2.5013e-05
2.5288e-05
2.4395e-05
2.3028e-05
2.5841e-05
2.5731e-05
2.3184e-05
2.4845e-05
2.3524e-05
3.668e-05
2.2849e-05
2.3964e-05
2.6941e-05
6.3351e-05
2.7111e-05
2.7098e-05
2.7152e-05
4.1097e-05
2.5339e-05
3.7598e-05
3.7274e-05
2.4747e-05
2.8788e-05
2.6285e-05
2.8034e-05
2.6511e-05
2.2697e-05
2.3421e-05
3.3496e-05
4.7572e-05
2.2859e-05
3.6464e-05
2.6138e-05
2.4222e-05
2.2226e-05
2.6825e-05
3.7643e-05
3.399e-05
2.4787e-05
2.2932e-05
2.6346e-05
2.5331e-05
2.5275e-05
2.3434e-05
2.3567e-05
2.4332e-05
2.4764e-05
2.4182e-05
2.5015e-05
2.3627e-05
2.4669e-05
2.6151e-05
3.5989e-05
2.6725e-05
2.2737e-05
2.3534e-05
2.0636e-05
3.0622e-05
2.7612e-05
2.2989e-05
3.6296e-05
2.3861e-05
2.3997e-05
2.2912e-05
2.3243e-05
2.6945e-05
5.4626e-05
2.1582e-05
2.5203e-05
2.365e-05
2.7088e-05
3.5234e-05
2.6312e-05
2.6925e-05
2.4268e-05
3.3826e-05
2.4824e-05
2.5395e-05
2.3663e-05
2.5017e-05
2.537e-05
3.658e-05
2.5959e-05
3.9698e-05
2.5743e-05
4.081e-05
2.8227e-05
3.5415e-05
2.4466e-05
3.8181e-05
2.461e-05
2.6081e-05
2.4419e-05
2.8138e-05
3.8724e-05
2.6968e-05
3.893e-05
2.6778e-05
2.5901e-05
2.6212e-05
3.3771e-05
2.8117e-05
2.5096e-05
2.6709e-05
2.4667e-05
3.5494e-05
4.0616e-05
2.5849e-05
2.8697e-05
3.4867e-05
2.6836e-05
3.1109e-05
2.6225e-05
4.4499e-05
3.7628e-05
4.064e-05
2.622e-05
2.7288e-05
2.5984e-05
5.8565e-05
5.1554e-05
2.6558e-05
2.6601e-05
3.2095e-05
3.8786e-05
3.815e-05
2.5591e-05
3.4206e-05
2.362e-05
4.0683e-05
2.5317e-05
4.3944e-05
2.6573e-05
2.701e-05
3.9124e-05
4.1772e-05
3.6606e-05
2.6664e-05
2.657e-05
2.6473e-05
2.8332e-05
2.4136e-05
3.8545e-05
2.5015e-05
2.1451e-05
2.6772e-05
2.9215e-05
5.3237e-05
2.6501e-05
2.6089e-05
3.657e-05
2.6417e-05
2.5566e-05
3.9799e-05
3.7518e-05
2.367e-05
3.9297e-05
2.7833e-05
2.5221e-05
2.5503e-05
2.5805e-05
3.8931e-05
3.8883e-05
2.6998e-05
3.9683e-05
2.442e-05
2.8195e-05
3.7249e-05
3.776e-05
3.6667e-05
4.004e-05
2.7299e-05
2.4559e-05
3.0571e-05
3.7694e-05
2.8758e-05
2.642e-05
3.8095e-05
2.6305e-05
2.5936e-05
2.7568e-05
2.7924e-05
2.6526e-05
2.5778e-05
2.8649e-05
2.5328e-05
3.7802e-05
2.5323e-05
2.7499e-05
2.6498e-05
2.7388e-05
2.6564e-05
3.4842e-05
2.8492e-05
3.6143e-05
3.5975e-05
2.6741e-05
3.6578e-05
2.7504e-05
2.4778e-05
2.316e-05
2.7403e-05
2.5252e-05
2.6647e-05
2.5625e-05
2.5606e-05
2.5235e-05
2.3592e-05
2.2991e-05
3.9315e-05
2.724e-05
3.4302e-05
3.1076e-05
2.2941e-05
2.3036e-05
3.4643e-05
2.5947e-05
2.7064e-05
2.8016e-05
2.6121e-05
3.6791e-05
2.7438e-05
2.4185e-05
2.6692e-05
3.9942e-05
3.9579e-05
2.6244e-05
2.7106e-05
2.8976e-05
2.7184e-05
2.9141e-05
2.8417e-05
2.8278e-05
2.62e-05
2.4658e-05
2.6939e-05
2.4806e-05
2.3766e-05
2.2478e-05
2.2224e-05
2.6229e-05
2.3611e-05
2.3465e-05
3.9848e-05
2.5147e-05
2.5445e-05
2.4437e-05
2.7256e-05
2.3123e-05
2.1541e-05
2.4779e-05
2.3654e-05
2.1476e-05
2.1842e-05
2.5061e-05
1.9815e-05
2.2651e-05
2.4442e-05
2.4207e-05
2.4765e-05
2.6381e-05
2.6346e-05
3.4348e-05
2.1662e-05
3.4881e-05
3.4937e-05
2.2434e-05
2.4697e-05
2.9761e-05
2.6514e-05
3.8118e-05
2.8459e-05
2.837e-05
2.4939e-05
3.0046e-05
2.4208e-05
2.4717e-05
2.7219e-05
2.477e-05
2.549e-05
2.5849e-05
2.7374e-05
2.5626e-05
5.7604e-05
4.1325e-05
2.6044e-05
2.9295e-05
2.8479e-05
2.507e-05
5.3804e-05
4.2404e-05
2.3268e-05
4.239e-05
2.6622e-05
2.6051e-05
2.4242e-05
2.3254e-05
2.763e-05
2.3193e-05
2.4278e-05
2.3377e-05
2.6615e-05
2.4034e-05
2.5032e-05
2.4884e-05
3.3864e-05
3.7796e-05
4.1012e-05
2.5075e-05
2.6677e-05
4.1447e-05
3.1857e-05
2.516e-05
2.9857e-05
3.0134e-05
2.7434e-05
2.8198e-05
4.1332e-05
2.8294e-05
3.5228e-05
2.7153e-05
4.177e-05
2.9134e-05
2.6538e-05
4.1922e-05
2.5184e-05
5.2691e-05
2.4793e-05
3.1628e-05
4.7413e-05
3.8126e-05
4.2287e-05
4.2272e-05
3.9638e-05
2.8645e-05
2.5685e-05
5.6765e-05
2.3658e-05
5.9376e-05
2.3424e-05
4.065e-05
2.599e-05
5.5536e-05
2.8517e-05
2.4216e-05
2.2443e-05
2.2372e-05
2.3957e-05
2.531e-05
3.8293e-05
2.8027e-05
2.6849e-05
3.923e-05
5.6312e-05
2.1828e-05
3.9109e-05
2.1974e-05
4.4767e-05
5.8605e-05
3.4541e-05
2.4633e-05
3.477e-05
2.5381e-05
2.4185e-05
2.5369e-05
2.596e-05
3.1351e-05
2.8488e-05
3.6668e-05
5.4418e-05
2.3604e-05
2.4971e-05
2.5678e-05
2.488e-05
2.6443e-05
2.3281e-05
2.7857e-05
3.9971e-05
2.637e-05
3.8388e-05
3.177e-05
2.5845e-05
2.098e-05
2.5739e-05
5.4767e-05
4.3143e-05
3.7555e-05
2.5489e-05
3.8903e-05
5.5304e-05
2.7376e-05
2.502e-05
3.0198e-05
6.116e-05
2.4664e-05
2.8541e-05
2.6388e-05
2.3655e-05
2.4388e-05
2.6253e-05
2.5725e-05
3.5301e-05
2.7573e-05
2.2516e-05
3.6544e-05
5.7115e-05
2.3653e-05
2.5458e-05
2.4425e-05
2.319e-05
2.6067e-05
3.7379e-05
2.412e-05
2.3213e-05
2.3377e-05
2.4449e-05
4.1045e-05
2.2815e-05
2.2544e-05
3.6715e-05
3.5332e-05
2.3744e-05
2.3928e-05
2.1255e-05
2.7085e-05
3.6214e-05
2.7423e-05
5.6756e-05
2.4047e-05
2.4027e-05
2.5791e-05
2.2452e-05
3.8787e-05
2.6649e-05
2.3699e-05
3.6785e-05
2.3003e-05
2.428e-05
2.2656e-05
2.2704e-05
2.4826e-05
3.7864e-05
2.4935e-05
3.9293e-05
2.688e-05
3.8297e-05
2.2706e-05
3.5039e-05
2.6354e-05
2.3087e-05
2.6663e-05
2.3492e-05
2.3967e-05
2.2749e-05
2.5236e-05
3.5766e-05
2.4056e-05
2.46e-05
2.4549e-05
5.3264e-05
2.3919e-05
2.3122e-05
2.531e-05
2.376e-05
2.5406e-05
2.3526e-05
2.7154e-05
4.7648e-05
3.6862e-05
3.9452e-05
4.3673e-05
2.2819e-05
4.0673e-05
2.2021e-05
2.3988e-05
2.6857e-05
3.9933e-05
3.7463e-05
3.8679e-05
5.5789e-05
2.7143e-05
3.593e-05
4.8764e-05
4.069e-05
2.6125e-05
2.7416e-05
2.6879e-05
2.5143e-05
2.5578e-05
2.5044e-05
2.6656e-05
2.3245e-05
2.4491e-05
2.6494e-05
3.8824e-05
3.71e-05
2.8662e-05
2.9828e-05
3.8453e-05
3.0187e-05
2.7503e-05
2.704e-05
4.0663e-05
3.8027e-05
2.7325e-05
4.3189e-05
2.563e-05
3.978e-05
3.1285e-05
2.9933e-05
3.0479e-05
4.7244e-05
3.3236e-05
3.0248e-05
2.4756e-05
2.7333e-05
4.0754e-05
3.9181e-05
5.9209e-05
3.8037e-05
2.8595e-05
3.9867e-05
5.1865e-05
3.9049e-05
2.5115e-05
2.6352e-05
2.5936e-05
2.2606e-05
2.5803e-05
2.7117e-05
2.7846e-05
3.4977e-05
2.4813e-05
5.8955e-05
2.3857e-05
2.7591e-05
2.4643e-05
2.4946e-05
3.8748e-05
2.5948e-05
2.5412e-05
2.084e-05
2.8801e-05
5.6681e-05
5.6558e-05
5.2843e-05
5.5362e-05
3.8616e-05
2.5625e-05
3.29e-05
2.7277e-05
2.704e-05
2.8264e-05
2.6717e-05
3.8115e-05
6.3211e-05
3.1839e-05
9.2387e-05
6.168e-05
2.6909e-05
3.7889e-05
4.2917e-05
3.5266e-05
2.4178e-05
2.6023e-05
2.6873e-05
2.6644e-05
5.0005e-05
2.6495e-05
2.6391e-05
2.5487e-05
2.686e-05
4.0498e-05
2.7081e-05
3.6465e-05
3.2196e-05
2.4338e-05
2.7631e-05
2.4948e-05
2.7189e-05
2.4267e-05
2.4305e-05
2.5454e-05
2.5507e-05
2.4642e-05
2.5923e-05
7.2031e-05
2.4828e-05
2.4744e-05
2.645e-05
2.6189e-05
2.3868e-05
2.7733e-05
2.2204e-05
2.7767e-05
2.6487e-05
2.6592e-05
3.7308e-05
2.5845e-05
3.8384e-05
3.9353e-05
2.8334e-05
4.9467e-05
2.8671e-05
4.1415e-05
2.2323e-05
2.5034e-05
3.8566e-05
2.3653e-05
2.4957e-05
2.5877e-05
2.5251e-05
2.2936e-05
2.4209e-05
3.7514e-05
2.6417e-05
2.6883e-05
3.7961e-05
2.3274e-05
3.5692e-05
3.8752e-05
3.9687e-05
2.4842e-05
3.9011e-05
2.4379e-05
2.6351e-05
2.5134e-05
3.8343e-05
2.4852e-05
3.0045e-05
2.5677e-05
2.7135e-05
4.4851e-05
2.8094e-05
2.7871e-05
2.5258e-05
2.7341e-05
3.0599e-05
3.7768e-05
2.4444e-05
2.5406e-05
2.3555e-05
2.8382e-05
2.6222e-05
5.9526e-05
2.603e-05
2.883e-05
2.4992e-05
2.5357e-05
2.3155e-05
2.3157e-05
3.003e-05
2.4011e-05
2.5588e-05
3.8004e-05
2.6109e-05
2.5312e-05
5.6112e-05
2.9571e-05
2.5006e-05
2.5202e-05
4.0486e-05
2.543e-05
3.8525e-05
2.8092e-05
2.753e-05
2.7027e-05
2.7726e-05
2.6295e-05
3.0051e-05
3.9362e-05
4.3146e-05
2.9861e-05
3.1938e-05
2.8555e-05
2.7686e-05
3.2249e-05
2.9618e-05
4.5087e-05
2.8996e-05
4.3249e-05
4.1692e-05
5.4389e-05
3.3174e-05
2.9565e-05
4.6579e-05
3.1734e-05
2.8404e-05
2.3836e-05
2.6066e-05
3.1395e-05
4.238e-05
3.0671e-05
2.9334e-05
4.0732e-05
2.9944e-05
2.8871e-05
5.1677e-05
3.177e-05
4.1312e-05
2.8208e-05
3.1332e-05
2.8415e-05
4.0008e-05
3.8761e-05
3.3936e-05
6.7e-05
2.9049e-05
2.8843e-05
3.023e-05
4.7582e-05
3.3574e-05
3.4686e-05
3.3887e-05
3.0065e-05
2.9482e-05
5.0952e-05
5.4606e-05
2.8186e-05
3.072e-05
3.0193e-05
4.4009e-05
5.0963e-05
3.1079e-05
3.2786e-05
2.7947e-05
3.2194e-05
3.284e-05
3.2324e-05
2.932e-05
2.9155e-05
2.8991e-05
3.2321e-05
3.1654e-05
3.2564e-05
2.6729e-05
4.5662e-05
4.8953e-05
3.0713e-05
2.7183e-05
2.8932e-05
6.0775e-05
3.1117e-05
4.3697e-05
3.5822e-05
3.2588e-05
4.3909e-05
3.1118e-05
3.3219e-05
3.4826e-05
3.2983e-05
3.6297e-05
2.9865e-05
4.6758e-05
3.5884e-05
3.1541e-05
3.3719e-05
3.4543e-05
3.18e-05
4.4456e-05
3.8282e-05
3.2547e-05
2.9835e-05
2.6156e-05
2.8439e-05
2.8398e-05
6.182e-05
3.3602e-05
6.573e-05
2.8706e-05
4.3858e-05
3.0343e-05
4.1012e-05
4.852e-05
2.8391e-05
3.1953e-05
3.2231e-05
7.2755e-05
3.3414e-05
4.5278e-05
3.4512e-05
2.9756e-05
2.9539e-05
4.3382e-05
3.3495e-05
3.6388e-05
4.9244e-05
3.3664e-05
3.636e-05
2.979e-05
5.6975e-05
6.8982e-05
6.8354e-05
3.3645e-05
3.3715e-05
3.6305e-05
3.5108e-05
4.5625e-05
4.2291e-05
3.4904e-05
3.0342e-05
5.5106e-05
4.4432e-05
3.5172e-05
3.3569e-05
2.7801e-05
2.9016e-05
4.1969e-05
2.9599e-05
2.6359e-05
2.6769e-05
2.8569e-05
4.3339e-05
2.8639e-05
2.6739e-05
4.1022e-05
4.4546e-05
3.1078e-05
3.1395e-05
3.2399e-05
3.4076e-05
3.2743e-05
5.4391e-05
2.8012e-05
2.9858e-05
4.358e-05
3.2412e-05
4.6607e-05
3.5406e-05
3.3319e-05
3.7938e-05
4.9066e-05
3.5271e-05
3.2905e-05
3.3215e-05
6.1473e-05
3.7297e-05
4.0082e-05
3.7215e-05
3.6937e-05
4.4797e-05
5.6857e-05
5.1704e-05
4.111e-05
6.9311e-05
4.1994e-05
4.0559e-05
4.3331e-05
5.5051e-05
3.6616e-05
3.5552e-05
3.8527e-05
5.3781e-05
5.3186e-05
4.6398e-05
7.5995e-05
4.9694e-05
4.0948e-05
4.1203e-05
4.3086e-05
5.1549e-05
4.08e-05
4.2169e-05
4.0464e-05
3.563e-05
7.7042e-05
4.0329e-05
3.7606e-05
3.9348e-05
3.5451e-05
6.3743e-05
3.5473e-05
3.2981e-05
3.5809e-05
4.5977e-05
3.2646e-05
3.4547e-05
3.6081e-05
3.557e-05
3.6674e-05
3.3036e-05
3.5075e-05
3.225e-05
3.2832e-05
3.5476e-05
3.2838e-05
3.3031e-05
3.2351e-05
3.31e-05
3.6317e-05
5.3587e-05
4.7033e-05
4.2469e-05
2.992e-05
4.4086e-05
4.9108e-05
4.9233e-05
3.5714e-05
4.6342e-05
4.0533e-05
5.1252e-05
3.7849e-05
3.6898e-05
4.0591e-05
5.3073e-05
3.8385e-05
4.9571e-05
5.3444e-05
4.0171e-05
4.1965e-05
3.775e-05
5.7974e-05
4.237e-05
4.2112e-05
5.2217e-05
3.7284e-05
4.1089e-05
3.8696e-05
4.4697e-05
5.0843e-05
5.3253e-05
3.4862e-05
6.4727e-05
3.4797e-05
3.335e-05
3.4306e-05
3.7985e-05
4.016e-05
4.8427e-05
3.5155e-05
3.6124e-05
6.2336e-05
4.4732e-05
3.8549e-05
4.3462e-05
3.9547e-05
5.041e-05
4.192e-05
5.4464e-05
3.9069e-05
4.3416e-05
3.6999e-05
5.3527e-05
3.8176e-05
7.6443e-05
4.2182e-05
7.1794e-05
3.909e-05
6.4767e-05
3.9696e-05
3.6464e-05
4.9269e-05
4.5295e-05
5.6753e-05
3.806e-05
3.7643e-05
3.9902e-05
5.2417e-05
5.2664e-05
4.5458e-05
3.8495e-05
7.9293e-05
3.7494e-05
5.146e-05
5.867e-05
4.0884e-05
3.8542e-05
4.9126e-05
5.3054e-05
3.4707e-05
5.2071e-05
3.8095e-05
3.6594e-05
3.2687e-05
4.9555e-05
4.3774e-05
3.4296e-05
3.5045e-05
5.7317e-05
4.1595e-05
3.5569e-05
3.45e-05
4.8022e-05
3.6537e-05
5.3999e-05
3.3091e-05
3.2408e-05
3.8092e-05
5.3158e-05
5.9005e-05
3.5128e-05
4.9289e-05
5.0639e-05
4.6244e-05
3.6912e-05
4.0619e-05
3.419e-05
4.0862e-05
3.8573e-05
4.2086e-05
4.9051e-05
3.6966e-05
3.8991e-05
4.0406e-05
6.9037e-05
3.4699e-05
3.9535e-05
4.5459e-05
5.1964e-05
4.8603e-05
3.8882e-05
3.7924e-05
3.617e-05
3.883e-05
3.9197e-05
3.9732e-05
3.5851e-05
3.5817e-05
5.7572e-05
3.8724e-05
0.000137803
3.5699e-05
4.0023e-05
4.1866e-05
5.756e-05
4.276e-05
4.1558e-05
5.3863e-05
3.9138e-05
5.3891e-05
3.882e-05
5.5986e-05
4.032e-05
3.884e-05
7.0961e-05
3.7355e-05
4.1189e-05
6.4599e-05
4.5277e-05
4.4497e-05
3.574e-05
6.9411e-05
3.9856e-05
4.9654e-05
3.9187e-05
3.6907e-05
4.5951e-05
3.6706e-05
3.4266e-05
3.7633e-05
3.9112e-05
5.1954e-05
4.4055e-05
4.5428e-05
4.6301e-05
4.0596e-05
4.3887e-05
7.3051e-05
5.4272e-05
5.0924e-05
4.1112e-05
4.111e-05
5.3008e-05
5.5051e-05
4.2853e-05
5.4799e-05
4.7393e-05
4.2695e-05
5.0126e-05
5.6846e-05
3.9499e-05
4.1451e-05
9.5208e-05
3.9851e-05
4.0939e-05
5.9013e-05
5.5706e-05
4.0849e-05
3.871e-05
4.3918e-05
5.1233e-05
4.9782e-05
4.1662e-05
4.3828e-05
3.9528e-05
5.6294e-05
5.2226e-05
3.7932e-05
4.9209e-05
4.6818e-05
5.3221e-05
6.0667e-05
4.354e-05
4.0237e-05
3.7146e-05
7.3362e-05
3.2579e-05
5.2913e-05
3.8221e-05
3.6007e-05
3.9215e-05
4.7605e-05
4.7496e-05
3.918e-05
3.6619e-05
3.7339e-05
4.1345e-05
4.3258e-05
4.2137e-05
4.1586e-05
5.4031e-05
4.0275e-05
3.9323e-05
4.2285e-05
5.0045e-05
3.9842e-05
3.7647e-05
4.0438e-05
4.1293e-05
3.9611e-05
5.1716e-05
5.2019e-05
4.0797e-05
5.2116e-05
3.5815e-05
3.6275e-05
3.8822e-05
6.6723e-05
4.7671e-05
4.227e-05
3.8199e-05
4.0144e-05
3.744e-05
3.429e-05
5.3284e-05
3.6433e-05
6.2413e-05
4.5676e-05
3.9686e-05
7.5845e-05
3.9245e-05
3.9658e-05
4.1358e-05
3.6953e-05
3.7349e-05
3.7854e-05
6.8725e-05
3.6009e-05
4.0274e-05
3.8839e-05
4.6845e-05
4.8466e-05
5.0695e-05
5.8275e-05
5.2951e-05
7.6664e-05
4.3649e-05
5.6997e-05
5.0923e-05
4.4235e-05
3.8299e-05
4.2059e-05
3.8241e-05
3.7087e-05
3.9883e-05
3.8002e-05
5.3228e-05
6.575e-05
3.3366e-05
3.6457e-05
4.4499e-05
4.8505e-05
5.1887e-05
3.0975e-05
3.5515e-05
6.5936e-05
3.706e-05
3.6029e-05
4.5555e-05
4.1402e-05
5.2174e-05
5.1946e-05
4.8471e-05
3.4728e-05
5.1422e-05
4.81e-05
3.486e-05
3.5418e-05
5.1955e-05
3.5188e-05
4.664e-05
3.7266e-05
4.9817e-05
6.8667e-05
3.8655e-05
3.7075e-05
3.6693e-05
8.1111e-05
5.6305e-05
3.5093e-05
5.1496e-05
4.4173e-05
3.7326e-05
6.2616e-05
3.343e-05
6.562e-05
4.5697e-05
3.6235e-05
3.7259e-05
3.2464e-05
3.7406e-05
4.7119e-05
6.5175e-05
7.0334e-05
8.523e-05
7.7219e-05
7.4663e-05
6.616e-05
9.4213e-05
7.2056e-05
7.8259e-05
9.284e-05
6.2908e-05
7.801e-05
5.2202e-05
4.2588e-05
5.7828e-05
3.9987e-05
3.5105e-05
3.7452e-05
3.8523e-05
4.0641e-05
4.2606e-05
4.1e-05
4.3283e-05
4.2042e-05
5.4628e-05
5.3249e-05
4.2727e-05
4.1519e-05
5.5886e-05
3.9488e-05
4.1836e-05
4.0951e-05
3.9586e-05
4.9616e-05
3.7038e-05
3.3806e-05
4.9678e-05
3.5182e-05
3.534e-05
3.6677e-05
3.543e-05
4.0499e-05
5.0121e-05
3.9214e-05
4.2837e-05
3.8983e-05
4.8258e-05
3.1876e-05
3.9646e-05
3.812e-05
4.227e-05
4.1461e-05
3.4889e-05
4.1094e-05
4.9585e-05
4.4747e-05
3.8636e-05
5.0822e-05
4.9263e-05
4.2947e-05
3.7674e-05
3.66e-05
4.1338e-05
3.2755e-05
3.8354e-05
3.5537e-05
3.405e-05
3.8048e-05
3.5289e-05
3.5977e-05
3.4965e-05
3.6563e-05
3.2105e-05
3.8874e-05
3.8529e-05
4.0589e-05
4.1003e-05
4.4733e-05
4.3088e-05
4.0657e-05
5.3755e-05
4.3213e-05
4.0632e-05
4.2276e-05
4.2136e-05
4.0198e-05
4.3138e-05
3.7588e-05
4.2073e-05
3.6666e-05
4.109e-05
3.6443e-05
3.9806e-05
4.1441e-05
4.0038e-05
3.8091e-05
3.5995e-05
6.6487e-05
3.4426e-05
3.3293e-05
3.1643e-05
3.3492e-05
5.1565e-05
3.526e-05
4.512e-05
3.9173e-05
3.7689e-05
5.188e-05
6.8088e-05
3.5843e-05
2.9043e-05
3.0591e-05
3.6222e-05
3.219e-05
3.3354e-05
3.8294e-05
3.6776e-05
3.7313e-05
3.9535e-05
3.3109e-05
3.4612e-05
3.2307e-05
3.3975e-05
4.7625e-05
3.2956e-05
4.0872e-05
2.9928e-05
4.117e-05
2.9274e-05
3.1598e-05
2.6474e-05
2.5599e-05
3.8736e-05
4.0751e-05
3.0954e-05
3.036e-05
4.5979e-05
2.7849e-05
2.7319e-05
3.5311e-05
2.3864e-05
4.0259e-05
3.7231e-05
2.5274e-05
2.7075e-05
2.5939e-05
6.92e-05
5.0881e-05
3.9686e-05
2.7191e-05
2.9593e-05
3.3809e-05
3.164e-05
4.2549e-05
3.2287e-05
4.2435e-05
2.9875e-05
2.841e-05
2.7671e-05
3.645e-05
2.8534e-05
4.217e-05
3.0055e-05
2.8443e-05
2.9262e-05
2.8067e-05
3.3687e-05
3.3699e-05
3.3486e-05
3.6346e-05
3.716e-05
3.263e-05
3.2729e-05
3.5213e-05
3.9628e-05
3.9788e-05
2.7542e-05
3.0527e-05
3.0635e-05
2.9264e-05
4.224e-05
2.7641e-05
2.805e-05
3.0835e-05
3.0439e-05
4.307e-05
4.2979e-05
2.8931e-05
3.2737e-05
4.5846e-05
3.2978e-05
3.7489e-05
3.0096e-05
5.9532e-05
8.7976e-05
4.3394e-05
5.2548e-05
3.6599e-05
3.9679e-05
5.2264e-05
4.129e-05
3.2597e-05
4.1076e-05
7.2203e-05
3.7195e-05
3.6347e-05
4.7277e-05
5.4886e-05
5.1847e-05
3.8799e-05
5.0396e-05
4.7061e-05
6.3192e-05
3.972e-05
5.2405e-05
3.8384e-05
3.415e-05
4.1412e-05
5.1517e-05
3.5137e-05
4.9545e-05
3.955e-05
3.7305e-05
7.1742e-05
6.4372e-05
4.0102e-05
7.6491e-05
4.754e-05
7.124e-05
4.6675e-05
4.1783e-05
3.8378e-05
3.8464e-05
3.9556e-05
5.597e-05
4.2139e-05
4.231e-05
6.4758e-05
8.1339e-05
5.6685e-05
3.3029e-05
4.601e-05
3.6473e-05
4.0826e-05
3.484e-05
3.2346e-05
3.0992e-05
5.2202e-05
2.662e-05
2.5442e-05
3.2951e-05
3.1326e-05
3.2073e-05
1.589e-05
1.6744e-05
1.6353e-05
1.4667e-05
1.9086e-05
1.7537e-05
1.4926e-05
1.3925e-05
2.8953e-05
1.6787e-05
1.3979e-05
1.29e-05
2.6698e-05
1.392e-05
1.6417e-05
1.667e-05
3.2114e-05
1.6649e-05
1.8321e-05
2.7317e-05
1.8121e-05
2.9835e-05
1.7586e-05
2.6781e-05
1.7276e-05
1.432e-05
3.7928e-05
1.7703e-05
2.7872e-05
1.7313e-05
1.8283e-05
1.6247e-05
1.9689e-05
1.8766e-05
1.659e-05
1.651e-05
1.8011e-05
1.3935e-05
1.5957e-05
1.6964e-05
1.5607e-05
1.546e-05
1.6864e-05
1.871e-05
1.7473e-05
2.7476e-05
1.7062e-05
2.9788e-05
1.573e-05
3.1468e-05
1.6274e-05
1.7805e-05
1.7089e-05
1.6709e-05
4.8695e-05
1.7277e-05
1.7327e-05
1.5213e-05
3.1349e-05
1.5821e-05
2.7558e-05
1.567e-05
1.4364e-05
3.0307e-05
3.0119e-05
1.9134e-05
5.1574e-05
1.7727e-05
2.4744e-05
1.4804e-05
2.7851e-05
1.413e-05
1.2978e-05
2.6283e-05
1.722e-05
2.9854e-05
1.8663e-05
1.8219e-05
1.6548e-05
2.7704e-05
1.4366e-05
1.7482e-05
1.5694e-05
1.739e-05
1.6237e-05
3.7941e-05
4.5962e-05
1.8201e-05
1.5623e-05
1.6785e-05
2.3875e-05
1.7611e-05
1.5424e-05
5.2415e-05
2.9715e-05
1.8881e-05
1.6968e-05
2.9624e-05
1.8736e-05
1.6663e-05
1.6578e-05
1.1437e-05
1.7988e-05
1.5077e-05
1.7696e-05
2.7157e-05
1.4154e-05
1.2143e-05
1.1602e-05
9.537e-06
1.2945e-05
1.3085e-05
1.214e-05
1.3895e-05
1.712e-05
1.7229e-05
1.4029e-05
2.7717e-05
1.4246e-05
2.2673e-05
1.5733e-05
1.6676e-05
1.8912e-05
1.7882e-05
1.7272e-05
1.6544e-05
1.4623e-05
1.2537e-05
1.8807e-05
3.2534e-05
1.2439e-05
1.4543e-05
1.2899e-05
1.2188e-05
1.4648e-05
8.6793e-05
1.9073e-05
3.714e-05
1.8215e-05
1.2741e-05
1.3404e-05
1.5535e-05
2.2654e-05
1.9816e-05
1.9635e-05
1.8937e-05
2.9037e-05
2.4379e-05
2.1155e-05
2.1964e-05
2.4877e-05
2.2585e-05
2.3171e-05
3.1367e-05
3.6923e-05
1.8009e-05
2.3551e-05
3.3862e-05
1.8875e-05
3.5615e-05
2.325e-05
3.5152e-05
2.1944e-05
2.0605e-05
1.9788e-05
2.0235e-05
2.1159e-05
4.6863e-05
2.5152e-05
3.6456e-05
3.5758e-05
5.3264e-05
2.2309e-05
3.0983e-05
3.79e-05
3.4927e-05
2.413e-05
2.6541e-05
3.8179e-05
2.3407e-05
1.8518e-05
1.8347e-05
2.9005e-05
1.8152e-05
1.7714e-05
2.3947e-05
2.5607e-05
3.4726e-05
1.9679e-05
4.683e-05
2.1314e-05
2.6531e-05
2.1096e-05
1.958e-05
2.1181e-05
2.2713e-05
4.4702e-05
2.3666e-05
2.1186e-05
1.7147e-05
4.7226e-05
2.1085e-05
3.1608e-05
3.0286e-05
1.0165e-05
2.7989e-05
2.2727e-05
1.3139e-05
1.3357e-05
1.6631e-05
3.0262e-05
2.585e-05
1.9029e-05
2.0949e-05
2.2333e-05
1.8448e-05
1.9092e-05
2.5715e-05
2.034e-05
1.9494e-05
1.74e-05
1.9045e-05
2.9799e-05
3.0869e-05
1.9572e-05
2.2498e-05
1.9046e-05
2.0975e-05
2.0995e-05
3.3481e-05
2.0582e-05
2.285e-05
1.7455e-05
1.7321e-05
1.7271e-05
3.5402e-05
1.9911e-05
1.5173e-05
1.8187e-05
1.9163e-05
3.3915e-05
3.763e-05
2.4482e-05
1.9917e-05
4.9627e-05
3.9822e-05
1.7895e-05
1.7839e-05
1.6392e-05
2.9356e-05
1.7072e-05
1.5271e-05
1.5337e-05
1.6215e-05
1.819e-05
1.5207e-05
1.6744e-05
2.1704e-05
3.3055e-05
1.742e-05
1.6881e-05
2.1771e-05
1.43e-05
1.4892e-05
1.5621e-05
1.7616e-05
1.745e-05
1.8426e-05
2.5855e-05
1.9565e-05
2.0097e-05
2.3653e-05
1.831e-05
2.2751e-05
2.4059e-05
2.9953e-05
1.837e-05
3.1346e-05
2.2051e-05
1.6433e-05
3.237e-05
1.8019e-05
2.4888e-05
2.1399e-05
1.9393e-05
2.2862e-05
3.7064e-05
3.161e-05
2.1525e-05
1.8092e-05
1.9616e-05
1.9288e-05
3.3712e-05
2.8105e-05
1.8218e-05
1.5418e-05
2.0935e-05
2.3228e-05
2.1754e-05
1.8936e-05
1.8805e-05
1.4916e-05
1.858e-05
1.7839e-05
1.6531e-05
1.8243e-05
1.8275e-05
1.8654e-05
3.0312e-05
1.9081e-05
2.573e-05
2.9056e-05
1.9932e-05
2.4651e-05
3.54e-05
1.7529e-05
1.6248e-05
1.898e-05
3.3228e-05
1.7366e-05
1.5305e-05
1.6853e-05
1.6544e-05
1.6668e-05
2.2077e-05
2.0876e-05
1.8396e-05
1.7655e-05
1.6507e-05
1.6676e-05
1.9369e-05
1.6205e-05
1.5111e-05
1.7843e-05
1.7612e-05
2.1594e-05
2.0357e-05
2.0663e-05
4.4635e-05
2.4096e-05
2.183e-05
1.8905e-05
1.9095e-05
1.4191e-05
1.6903e-05
3.6718e-05
1.9557e-05
1.5467e-05
1.7019e-05
1.7761e-05
1.4696e-05
1.5206e-05
1.5719e-05
1.6875e-05
1.604e-05
4.5482e-05
2.0285e-05
3.1099e-05
1.7139e-05
1.5865e-05
1.857e-05
1.8445e-05
2.8318e-05
1.7097e-05
3.1006e-05
1.8952e-05
1.7352e-05
2.0153e-05
3.3421e-05
1.9838e-05
3.3742e-05
1.933e-05
1.8487e-05
2.638e-05
1.8517e-05
1.6223e-05
1.9247e-05
1.7277e-05
2.0014e-05
1.9476e-05
1.566e-05
1.5586e-05
5.3354e-05
1.6269e-05
1.6099e-05
1.817e-05
1.6595e-05
1.642e-05
1.5986e-05
1.7398e-05
1.7707e-05
1.3192e-05
2.999e-05
1.646e-05
1.9517e-05
1.9947e-05
3.0786e-05
1.4885e-05
1.8811e-05
1.4572e-05
1.6672e-05
1.6197e-05
1.2256e-05
1.2922e-05
4.479e-05
1.5214e-05
1.5433e-05
1.8718e-05
1.6276e-05
1.3443e-05
1.5644e-05
1.7713e-05
1.6821e-05
1.6612e-05
1.6056e-05
1.5971e-05
1.555e-05
1.8183e-05
1.7022e-05
1.5139e-05
1.5985e-05
1.7669e-05
1.6148e-05
1.6177e-05
1.7623e-05
1.7997e-05
1.9445e-05
1.4615e-05
1.7317e-05
3.1406e-05
1.7633e-05
1.7578e-05
1.9533e-05
1.6835e-05
2.9337e-05
2.016e-05
1.6476e-05
1.7352e-05
3.4826e-05
1.4372e-05
1.4482e-05
1.7195e-05
2.933e-05
1.8519e-05
1.7791e-05
1.7692e-05
1.7197e-05
1.5831e-05
1.796e-05
1.823e-05
2.0741e-05
1.8225e-05
3.3067e-05
1.967e-05
1.5407e-05
1.8148e-05
1.6642e-05
1.5558e-05
1.5278e-05
1.6412e-05
1.4895e-05
1.4547e-05
1.7654e-05
2.53e-05
1.7147e-05
1.4463e-05
1.7424e-05
1.3646e-05
2.7677e-05
2.6674e-05
1.3906e-05
2.0242e-05
1.581e-05
1.4792e-05
3.113e-05
1.4157e-05
1.4757e-05
1.5904e-05
3.0846e-05
1.3751e-05
1.5885e-05
1.5827e-05
1.7587e-05
1.5259e-05
1.8056e-05
2.7835e-05
2.8829e-05
1.8593e-05
1.4314e-05
1.7294e-05
1.9208e-05
1.7724e-05
1.6852e-05
1.6306e-05
1.7844e-05
1.5344e-05
1.7535e-05
1.8373e-05
1.6771e-05
1.5416e-05
1.4119e-05
1.5501e-05
1.5178e-05
1.5341e-05
2.7219e-05
1.477e-05
1.334e-05
1.5508e-05
1.6104e-05
1.7091e-05
1.5349e-05
1.6443e-05
1.7652e-05
2.0919e-05
1.9867e-05
1.6569e-05
1.9405e-05
3.0339e-05
1.8995e-05
1.7259e-05
3.2097e-05
1.8251e-05
1.479e-05
1.9417e-05
1.632e-05
3.1117e-05
3.2601e-05
3.0046e-05
1.6923e-05
1.92e-05
1.8307e-05
1.567e-05
2.9252e-05
2.5873e-05
2.2444e-05
1.9632e-05
3.143e-05
2.0845e-05
1.4903e-05
1.5594e-05
2.8928e-05
1.9155e-05
2.6999e-05
1.9867e-05
1.9465e-05
3.0116e-05
2.7828e-05
2.0658e-05
1.6635e-05
1.5749e-05
1.877e-05
2.3291e-05
1.6992e-05
1.7317e-05
1.691e-05
1.6735e-05
1.6487e-05
1.6807e-05
1.6329e-05
1.6081e-05
1.664e-05
1.486e-05
1.2971e-05
3.3598e-05
2.3317e-05
2.8366e-05
1.6435e-05
1.5459e-05
1.5489e-05
1.5174e-05
1.4867e-05
2.8318e-05
1.749e-05
1.4859e-05
2.9405e-05
3.6776e-05
1.6666e-05
1.6743e-05
1.6574e-05
1.6848e-05
1.7474e-05
1.7113e-05
1.7679e-05
1.6604e-05
1.7259e-05
1.4511e-05
2.6876e-05
1.633e-05
1.6041e-05
1.8476e-05
2.1087e-05
1.7482e-05
1.7492e-05
3.2412e-05
1.7551e-05
1.8713e-05
1.9309e-05
1.8128e-05
2.6291e-05
3.0556e-05
2.9986e-05
2.0892e-05
4.3259e-05
2.9885e-05
3.9327e-05
3.8252e-05
4.4807e-05
3.9848e-05
4.3796e-05
4.4555e-05
4.2077e-05
3.2261e-05
2.7637e-05
2.7499e-05
2.7952e-05
2.6755e-05
2.5057e-05
2.7387e-05
4.1427e-05
3.1859e-05
4.3808e-05
3.1045e-05
2.6913e-05
2.8136e-05
4.2103e-05
1.7853e-05
2.8079e-05
1.72e-05
1.8398e-05
1.8264e-05
1.6461e-05
1.82e-05
1.507e-05
1.5635e-05
1.4769e-05
1.6483e-05
1.8044e-05
1.6282e-05
1.4302e-05
1.8767e-05
1.4902e-05
2.505e-05
1.5377e-05
2.0133e-05
2.4609e-05
1.7632e-05
1.772e-05
2.3253e-05
1.694e-05
2.9575e-05
1.6861e-05
1.6974e-05
1.6427e-05
1.8892e-05
2.6746e-05
1.7043e-05
2.022e-05
1.7983e-05
1.5337e-05
2.2481e-05
1.6416e-05
1.2482e-05
1.4291e-05
1.6125e-05
1.6329e-05
1.8701e-05
1.8382e-05
1.6968e-05
2.8048e-05
2.8899e-05
1.5503e-05
2.793e-05
2.9552e-05
4.0454e-05
1.7311e-05
3.9067e-05
1.6537e-05
4.2009e-05
1.7854e-05
1.4644e-05
3.115e-05
1.6972e-05
1.7363e-05
1.4835e-05
2.0747e-05
1.7162e-05
1.9168e-05
2.9131e-05
1.714e-05
1.8673e-05
1.6525e-05
1.6485e-05
1.8613e-05
3.3511e-05
1.5045e-05
1.4336e-05
1.7217e-05
1.6817e-05
1.6797e-05
2.0448e-05
2.9358e-05
1.9696e-05
1.8102e-05
1.8913e-05
1.8072e-05
3.3236e-05
1.8646e-05
2.0796e-05
2.0433e-05
1.5508e-05
1.8123e-05
1.6084e-05
1.8789e-05
2.079e-05
1.8853e-05
3.0285e-05
1.9487e-05
1.6927e-05
2.0562e-05
3.1842e-05
3.3141e-05
2.1565e-05
2.9373e-05
1.7137e-05
1.6569e-05
2.0844e-05
2.032e-05
1.6933e-05
2.6675e-05
1.7267e-05
2.3398e-05
1.6406e-05
1.7437e-05
2.9716e-05
2.1742e-05
2.2248e-05
3.7527e-05
5.1841e-05
3.4314e-05
2.0321e-05
3.5209e-05
2.0802e-05
2.0393e-05
3.251e-05
3.1502e-05
2.2579e-05
2.3058e-05
3.1162e-05
1.9449e-05
1.8858e-05
2.1517e-05
1.9434e-05
2.2239e-05
2.0429e-05
3.8087e-05
2.3987e-05
2.7788e-05
2.7071e-05
2.2793e-05
2.165e-05
2.0383e-05
2.1899e-05
2.1446e-05
2.3748e-05
2.3656e-05
3.6275e-05
3.4184e-05
3.9728e-05
2.4374e-05
2.4499e-05
2.7467e-05
2.2678e-05
2.3957e-05
2.5837e-05
4.1601e-05
2.2217e-05
2.5734e-05
2.6886e-05
2.1999e-05
2.3166e-05
2.0989e-05
2.0037e-05
3.3144e-05
3.1284e-05
1.9519e-05
3.5562e-05
4.3329e-05
2.204e-05
3.3261e-05
2.0699e-05
2.1452e-05
2.167e-05
2.1597e-05
2.0614e-05
3.332e-05
2.1162e-05
2.0443e-05
3.5361e-05
2.003e-05
1.9463e-05
2.0149e-05
2.1998e-05
2.278e-05
2.49e-05
2.1408e-05
2.0549e-05
2.4808e-05
2.0428e-05
3.457e-05
2.3644e-05
3.6125e-05
3.5985e-05
2.3585e-05
3.8117e-05
5.4173e-05
2.344e-05
3.4981e-05
2.4091e-05
2.1492e-05
3.6437e-05
2.175e-05
5.1564e-05
3.5118e-05
3.9784e-05
2.3623e-05
2.7992e-05
2.4139e-05
2.3271e-05
2.2469e-05
2.4508e-05
2.4348e-05
2.8253e-05
2.3181e-05
2.397e-05
2.4896e-05
2.4023e-05
2.4123e-05
2.298e-05
5.2519e-05
2.4343e-05
2.427e-05
2.5719e-05
2.4198e-05
2.105e-05
3.7757e-05
4.2127e-05
5.5909e-05
3.8726e-05
5.1156e-05
3.8532e-05
3.3556e-05
3.6983e-05
4.132e-05
3.8773e-05
3.6043e-05
3.4045e-05
5.0293e-05
5.5287e-05
3.8899e-05
5.6983e-05
5.3458e-05
4.1085e-05
5.3558e-05
4.7892e-05
4.2796e-05
2.7218e-05
2.3352e-05
3.7524e-05
2.0408e-05
2.3689e-05
2.2304e-05
2.2287e-05
2.3282e-05
3.8588e-05
2.0702e-05
2.2928e-05
2.7279e-05
3.3271e-05
2.0973e-05
2.3256e-05
2.3057e-05
2.5305e-05
4.2116e-05
2.4546e-05
4.1624e-05
2.6735e-05
2.2567e-05
2.579e-05
2.7749e-05
3.6865e-05
2.6084e-05
5.3994e-05
3.614e-05
2.4825e-05
2.716e-05
2.8226e-05
3.6879e-05
2.5359e-05
2.6451e-05
2.5252e-05
2.6973e-05
2.8403e-05
2.3667e-05
4.1017e-05
3.7935e-05
2.6201e-05
2.4996e-05
2.6136e-05
2.3787e-05
2.4307e-05
2.8822e-05
