0.000248773
0.00095646
0.000418531
0.000456022
0.000386553
0.000467862
0.000468122
0.00044148
0.000427288
0.000417278
0.000506105
0.000485572
0.000469967
0.000469866
0.000479048
0.00058897
0.000481572
0.000556751
0.000463233
0.00051765
0.000586717
0.000684618
0.000658696
0.000626485
0.000607381
0.000557552
0.000673375
0.000720785
0.000665074
0.000563322
0.000486622
0.000574049
0.000561232
0.000532002
0.000438348
0.000419296
0.000427036
0.000429629
0.000484143
0.000410969
0.000506283
0.00035512
0.00035471
0.000413902
0.000383837
0.000452518
0.000436923
0.000399018
0.000427921
0.000397177
0.000409259
0.000369095
0.000436385
0.000460719
0.000446243
0.000811576
0.000469777
0.000446748
0.000584259
0.000545465
0.000444671
0.000528589
0.000490139
0.000496936
0.000515396
