1.144e-06
1.01e-06
9.88e-07
1.019e-06
1.112e-06
1.223e-06
1.132e-06
8.43e-07
7.71e-07
1.267e-06
1.391e-06
9.93e-07
1.114e-06
1.226e-06
1.162e-06
1.287e-06
1.142e-06
1.334e-06
1.31e-06
1.13e-06
1.372e-06
1.116e-06
1.461e-06
1.725e-06
9.61e-07
1.734e-06
9.29e-07
1.346e-06
8.08e-07
7.86e-07
1.144e-06
1.102e-06
1.456e-06
1.289e-06
1.687e-06
1.128e-06
1.193e-06
1.24e-06
9.89e-07
1.113e-06
7.05e-07
9.8e-07
6.9e-07
7.17e-07
1.1e-06
1.017e-06
1.256e-06
1.373e-06
1.305e-06
1.226e-06
1.149e-06
8.73e-07
1.674e-06
1.17e-06
1.067e-06
1.202e-06
9.89e-07
1.018e-06
1.636e-06
1.088e-06
1.136e-06
1.292e-06
8.15e-07
9.38e-07
8.91e-07
9e-07
1.299e-06
1.192e-06
8.64e-07
1.039e-06
1.15e-06
1.079e-06
1.229e-06
1.114e-06
1.143e-06
1.182e-06
1.1e-06
1.033e-06
9.65e-07
1.302e-06
1.33e-06
1.052e-06
1.005e-06
9.9e-07
1.168e-06
1.153e-06
8.72e-07
1.117e-06
1.134e-06
1.352e-06
1.185e-06
1.28e-06
1.267e-06
1.008e-06
1.133e-06
1.122e-06
1.129e-06
1.055e-06
8.49e-07
9.39e-07
1.155e-06
1.053e-06
1.266e-06
1.325e-06
1.361e-06
1.205e-06
1.195e-06
1.384e-06
1.451e-06
9.5e-07
1.252e-06
9.52e-07
1.11e-06
1.123e-06
1.175e-06
8.14e-07
1.143e-06
1.182e-06
1.274e-06
1.225e-06
1.15e-06
1.408e-06
1.121e-06
8.26e-07
1.111e-06
1.334e-06
1.008e-06
1.206e-06
1.392e-06
1.521e-06
8.71e-07
1.1e-06
1.305e-06
9.83e-07
9.49e-07
1.329e-06
1.088e-06
1.141e-06
8.86e-07
2.064e-06
2.027e-06
1.269e-06
2.446e-06
3.048e-06
1.621e-06
1.938e-06
1.008e-06
9.74e-07
1.084e-06
1.21e-06
1.077e-06
1.137e-06
1.206e-06
1.647e-06
1.062e-06
7.16e-07
6.46e-07
1.171e-06
9.82e-07
1.271e-06
1.304e-06
1.127e-06
9.9e-07
1.173e-06
1.141e-06
1.065e-06
1.359e-06
1.496e-06
1.686e-06
1.29e-06
1.354e-06
1.54e-06
1.322e-06
1.229e-06
9.97e-07
1.297e-06
9e-07
1.216e-06
1.235e-06
9.45e-07
1.365e-06
9.38e-07
1.032e-06
1.115e-06
1.107e-06
8.08e-07
9.07e-07
9.17e-07
1.032e-06
1.384e-06
1.412e-06
1.129e-06
9.63e-07
1.202e-06
1.205e-06
1.384e-06
1.948e-06
1.152e-06
1.246e-06
1.039e-06
2.87e-06
1.864e-06
2.679e-06
1.344e-06
2.406e-06
1.769e-06
2.193e-06
2.41e-06
2.185e-06
1.289e-06
2.544e-06
2.094e-06
2.977e-06
2.26e-06
2.706e-06
2.644e-06
1.871e-06
1.405e-06
1.211e-06
1.623e-06
1.299e-06
2e-06
1.187e-06
2.07e-06
1.185e-06
1.242e-06
2.422e-06
2.054e-06
2.971e-06
2.695e-06
1.747e-06
2.777e-06
1.688e-06
2.049e-06
2.827e-06
2.474e-06
2.209e-06
2.168e-06
4.159e-06
2.949e-06
2.276e-06
1.997e-06
2.145e-06
1.649e-06
2.274e-06
2.747e-06
2.492e-06
1.82e-06
2.392e-06
2.514e-06
9.83e-07
1.844e-06
3.119e-06
2.246e-06
1.887e-06
1.632e-06
1.655e-06
2.667e-06
2.19e-06
2.503e-06
1.64e-06
1.307e-06
3.124e-06
2.837e-06
1.765e-06
1.12e-06
2.363e-06
2.117e-06
2.532e-06
2.47e-06
1.408e-06
1.843e-06
1.195e-06
2.55e-06
1.326e-06
9.77e-07
9.98e-07
1.24e-06
1.651e-06
2.098e-06
2.678e-06
1.253e-06
1.155e-06
1.238e-06
1.182e-06
1.527e-06
8e-07
1.401e-06
2.062e-06
1.154e-06
1.193e-06
1.88e-06
1.195e-06
9.3e-07
1.405e-06
1.05e-06
2.629e-06
1.51e-06
1.924e-06
9.23e-07
1.034e-06
1.337e-06
1.54e-06
1.359e-06
7.59e-07
1.235e-06
2.204e-06
1.965e-06
2.439e-06
1.407e-06
1.376e-06
2.201e-06
1.922e-06
2.182e-06
1.06e-06
1.265e-06
1.991e-06
2.73e-06
2.191e-06
1.336e-06
1.779e-06
2.318e-06
1.754e-06
8.14e-07
1.595e-06
4.643e-06
1.342e-06
1.849e-06
1.695e-06
1.353e-06
2.317e-06
1.204e-06
1.941e-06
1.711e-06
8.64e-07
1.484e-06
1.201e-06
2.111e-06
9.6e-07
9e-07
7.69e-07
1.256e-06
1.032e-06
8.73e-07
1.112e-06
8e-07
1.775e-06
1.027e-06
9.88e-07
1.197e-06
1.343e-06
1.346e-06
1.302e-06
1.091e-06
1.098e-06
1.267e-06
1.92e-06
1.293e-06
1.075e-06
1.259e-06
1.398e-06
1.561e-06
1.194e-06
7.85e-07
7.79e-07
2e-06
1.49e-06
7.46e-07
7.24e-07
1.304e-06
1.611e-06
2.328e-06
1.175e-06
1.426e-06
1.264e-06
1.522e-06
1.143e-06
1.386e-06
2.6e-06
1.577e-06
1.023e-06
2.073e-06
1.164e-06
1.888e-06
3.454e-06
2.219e-06
1.703e-06
1.104e-06
1.689e-06
1.596e-06
8.78e-07
1.124e-06
9.93e-07
1.33e-06
1.329e-06
8.22e-07
1.139e-06
1.351e-06
8.51e-07
1.457e-06
8.6e-07
1.199e-06
1.411e-06
7.79e-07
1.054e-06
1.051e-06
1.502e-06
1.205e-06
1.351e-06
1.47e-06
7.88e-07
1.055e-06
1.06e-06
1.222e-06
9.8e-07
7.85e-07
1.331e-06
9.26e-07
7.65e-07
6.41e-07
1.288e-06
9.53e-07
7.77e-07
9.6e-07
7.52e-07
1.553e-06
1.677e-06
1.129e-06
7.5e-07
1.181e-06
1.353e-06
8.51e-07
1.516e-06
1.188e-06
1.254e-06
1.875e-06
2.144e-06
1.483e-06
1.693e-06
1.554e-06
7.75e-07
6.22e-07
1.013e-06
1.273e-06
1.153e-06
1.256e-06
7.31e-07
1.039e-06
1.741e-06
1.428e-06
9.75e-07
7.06e-07
1.063e-06
1.508e-06
8.87e-07
1.203e-06
1.224e-06
1.101e-06
7.91e-07
7.31e-07
7.74e-07
1.397e-06
1.242e-06
9.23e-07
1.743e-06
1.656e-06
8.44e-07
1.42e-06
1.178e-06
1.04e-06
8.27e-07
2.424e-06
1.757e-06
1.369e-06
2.09e-06
2.228e-06
2.392e-06
2.39e-06
3.256e-06
1.928e-06
1.714e-06
1.475e-06
2.746e-06
1.58e-06
2.202e-06
2.727e-06
2.311e-06
1.715e-06
1.309e-06
1.176e-06
1.307e-06
1.106e-06
1.116e-06
8.33e-07
9.23e-07
1.161e-06
1.226e-06
1.718e-06
8.83e-07
2.191e-06
1.759e-06
1.228e-06
1.222e-06
1.189e-06
1.442e-06
8.95e-07
1e-06
2.096e-06
2.345e-06
2.264e-06
9.53e-07
1.368e-06
1.049e-06
8.02e-07
8.53e-07
1.337e-06
1.131e-06
1.161e-06
1.308e-06
1.554e-06
1.398e-06
1.431e-06
1.319e-06
1.671e-06
1.346e-06
1.884e-06
1.13e-06
1.235e-06
1.126e-06
1.192e-06
1.133e-06
1.226e-06
1.176e-06
1.446e-06
1.407e-06
1.242e-06
1.185e-06
1.168e-06
1.096e-06
1.378e-06
1.896e-06
1.285e-06
1.184e-06
2.06e-06
1.888e-06
1.272e-06
1.112e-06
8.85e-07
1.386e-06
1.181e-06
1.355e-06
1.413e-06
1.609e-06
3.012e-06
1.222e-06
1.459e-06
1.745e-06
1.261e-06
1.035e-06
1.136e-06
1.224e-06
1.996e-06
1.849e-06
1.844e-06
2.82e-06
2.863e-06
2.093e-06
1.684e-06
2.105e-06
2.06e-06
2.997e-06
1.566e-06
1.114e-06
1.16e-06
1.583e-06
1.121e-06
1.323e-06
1.221e-06
1.152e-06
7.66e-07
1.932e-06
1.017e-06
1.295e-06
1.209e-06
1.476e-06
9.95e-07
1.924e-06
1.652e-06
1.142e-06
1.883e-06
1.251e-06
1.876e-06
1.537e-06
2.336e-06
1.298e-06
1.147e-06
1.717e-06
2.531e-06
3.412e-06
2.377e-06
1.727e-06
2.346e-06
1.207e-06
1.819e-06
1.702e-06
1.755e-06
1.307e-06
1.073e-06
1.957e-06
1.51e-06
1.585e-06
9.64e-07
8.61e-07
8.86e-07
1.716e-06
8.59e-07
1.909e-06
1.032e-06
1.042e-06
7.19e-07
8.41e-07
1.109e-06
2.027e-06
1.331e-06
9.3e-07
9.5e-07
1.052e-06
1.5e-06
1.122e-06
7.84e-07
1.048e-06
1.565e-06
1.089e-06
1.086e-06
1.181e-06
1.119e-06
1.28e-06
2.284e-06
1.309e-06
1.12e-06
1.012e-06
7.81e-07
1.07e-06
8.09e-07
1.188e-06
9.53e-07
1.269e-06
1.205e-06
1.059e-06
1.022e-06
1.665e-06
1.607e-06
1.249e-06
8.6e-07
9.67e-07
1.24e-06
1.177e-06
1.319e-06
1.368e-06
1.15e-06
1.272e-06
1.076e-06
1.171e-06
1.307e-06
1.089e-06
1.189e-06
1.147e-06
8.91e-07
8.9e-07
9.98e-07
1.042e-06
1.382e-06
7.15e-07
1.087e-06
8.95e-07
8.57e-07
9.38e-07
6.68e-07
8.49e-07
8.93e-07
9.15e-07
1.035e-06
9.5e-07
1.05e-06
8.62e-07
1.07e-06
1.053e-06
1.199e-06
1.19e-06
2.312e-06
2.674e-06
2.383e-06
1.796e-06
1.096e-06
9.51e-07
1.233e-06
1.338e-06
1.272e-06
1.46e-06
3.502e-06
3.039e-06
4.205e-06
1.293e-06
1.06e-06
1.503e-06
1.513e-06
1.785e-06
1.795e-06
1.419e-06
1.487e-06
1.651e-06
1.346e-06
1.307e-06
1.397e-06
1.92e-06
2.223e-06
1.393e-06
1.259e-06
1.172e-06
1.403e-06
1.331e-06
1.181e-06
9.22e-07
1.259e-06
9.59e-07
9.87e-07
1.211e-06
1.273e-06
1.956e-06
1.15e-06
1.226e-06
1.144e-06
1.148e-06
1.158e-06
9.19e-07
1.038e-06
1.309e-06
1.203e-06
1.22e-06
1.428e-06
1.852e-06
9.89e-07
1.331e-06
1.153e-06
1.115e-06
1.218e-06
1.331e-06
1.225e-06
1.518e-06
1.193e-06
1.172e-06
1.464e-06
1.454e-06
1.064e-06
1.119e-06
1.613e-06
1.189e-06
8.14e-07
1.16e-06
6.86e-07
1.421e-06
1.013e-06
1.08e-06
1.174e-06
1.012e-06
1.012e-06
8.15e-07
2.004e-06
1.222e-06
2.038e-06
1.392e-06
1.183e-06
1.375e-06
8.89e-07
1.13e-06
1.073e-06
1.073e-06
1.117e-06
1.136e-06
1.401e-06
1.123e-06
9.52e-07
1.426e-06
1.393e-06
1.341e-06
1.147e-06
1.27e-06
1.026e-06
1.568e-06
9.87e-07
1.184e-06
1.257e-06
1.248e-06
1.085e-06
9.14e-07
1.147e-06
1.259e-06
1.292e-06
1.309e-06
7.3e-07
1.022e-06
1.099e-06
8.9e-07
1.22e-06
1.484e-06
1.186e-06
9.82e-07
1.394e-06
9.31e-07
1.689e-06
1.306e-06
1.402e-06
1.167e-06
1.369e-06
1.274e-06
1.595e-06
8.54e-07
1.57e-06
1.428e-06
1.014e-06
1.699e-06
1.73e-06
1.301e-06
1.706e-06
1.225e-06
1.275e-06
1.236e-06
9.38e-07
1.351e-06
1.685e-06
1.196e-06
7.18e-07
1.316e-06
1.356e-06
1.178e-06
1.076e-06
1.863e-06
1.402e-06
9.75e-07
7.65e-07
1.333e-06
1.298e-06
1.199e-06
2.537e-06
1.984e-06
2.204e-06
1.919e-06
9.14e-07
1.346e-06
1.09e-06
1.255e-06
1.127e-06
7.79e-07
1.194e-06
1.262e-06
1.354e-06
7.35e-07
8.26e-07
1.308e-06
1.054e-06
1.257e-06
1.306e-06
1.183e-06
1.152e-06
1.083e-06
1.66e-06
1.427e-06
1.608e-06
1.253e-06
1.558e-06
1.486e-06
1.174e-06
1.163e-06
1.002e-06
7.15e-07
9.5e-07
9.04e-07
2.499e-06
1.795e-06
2.65e-06
1.782e-06
1.801e-06
1.784e-06
1.16e-06
8.59e-07
9.24e-07
9.1e-07
9.37e-07
6.92e-07
1.316e-06
1.635e-06
1.41e-06
1.855e-06
8.4e-07
7.97e-07
1.192e-06
8.44e-07
2.061e-06
1.78e-06
2.254e-06
1.549e-06
2.585e-06
1.725e-06
1.754e-06
1.236e-06
9.29e-07
1.987e-06
1.803e-06
1.594e-06
1.361e-06
1.525e-06
1.454e-06
2.021e-06
2.668e-06
1.923e-06
1.799e-06
1.999e-06
1.859e-06
1.793e-06
1.504e-06
1.824e-06
1.119e-06
1.251e-06
1.873e-06
1.79e-06
1.918e-06
1.764e-06
1.467e-06
1.499e-06
1.624e-06
1.402e-06
1.563e-06
1.212e-06
9.48e-07
1.162e-06
1.164e-06
2.309e-06
1.869e-06
1.733e-06
2.568e-06
2.118e-06
2.303e-06
1.82e-06
2.222e-06
2.419e-06
1.203e-06
2.535e-06
2.66e-06
1.953e-06
1.927e-06
2.434e-06
1.948e-06
2.285e-06
2.194e-06
1.863e-06
1.304e-06
1.27e-06
1.739e-06
1.499e-06
1.369e-06
1.385e-06
1.175e-06
1.465e-06
9.29e-07
1.683e-06
1.024e-06
1.246e-06
1.225e-06
9.06e-07
1.329e-06
1.211e-06
1.128e-06
1.89e-06
1.763e-06
2.472e-06
7.9e-07
1.093e-06
1.785e-06
4.62e-06
2.534e-06
9.02e-07
2.073e-06
3.818e-06
1.507e-06
1.913e-06
2.265e-06
2.271e-06
2.886e-06
2.144e-06
1.207e-06
2.465e-06
1.811e-06
1.649e-06
2.719e-06
2.24e-06
2.038e-06
2.767e-06
1.845e-06
1.926e-06
3.076e-06
2.29e-06
2.033e-06
3.044e-06
2.304e-06
2.464e-06
2.667e-06
2.256e-06
2.856e-06
2.12e-06
2.442e-06
2.658e-06
1.157e-06
1.491e-06
3.202e-06
1.764e-06
1.867e-06
1.138e-06
1.4e-06
1.157e-06
1.976e-06
1.135e-06
8.06e-07
7.89e-07
1.106e-06
1.075e-06
1.144e-06
1.179e-06
6.82e-07
7.9e-07
1.165e-06
1.019e-06
2.103e-06
1.126e-06
1.208e-06
1.125e-06
2.448e-06
2.957e-06
1.546e-06
1.636e-06
2.083e-06
2.145e-06
2.012e-06
1.711e-06
1.801e-06
1.857e-06
1.444e-06
1.534e-06
2.03e-06
2.014e-06
1.608e-06
2.199e-06
1.978e-06
1.939e-06
2.426e-06
2.003e-06
1.426e-06
1.004e-06
1.447e-06
1.921e-06
1.446e-06
1.568e-06
2.137e-06
1.694e-06
2.65e-06
2.01e-06
1.784e-06
1.418e-06
1.874e-06
1.809e-06
1.619e-06
2.157e-06
2.037e-06
1.819e-06
2.653e-06
2.439e-06
2.65e-06
1.646e-06
1.513e-06
2.142e-06
1.342e-06
2.639e-06
1.513e-06
1.871e-06
2.479e-06
1.874e-06
1.74e-06
1.453e-06
1.732e-06
1.691e-06
3.092e-06
2.48e-06
1.61e-06
1.394e-06
1.813e-06
1.581e-06
1.475e-06
2.211e-06
1.876e-06
1.647e-06
2.72e-06
1.772e-06
1.976e-06
9.42e-07
1.905e-06
2.182e-06
2.515e-06
1.705e-06
1.796e-06
2.795e-06
2.54e-06
1.99e-06
2.564e-06
2.936e-06
2.451e-06
1.744e-06
1.766e-06
2.148e-06
1.273e-06
2.413e-06
2.01e-06
3.689e-06
3.307e-06
2.198e-06
2.778e-06
1.345e-06
1.436e-06
3.119e-06
2.775e-06
1.873e-06
2.11e-06
2.189e-06
3.437e-06
1.43e-06
1.521e-06
1.485e-06
2.566e-06
2.449e-06
2.411e-06
4.884e-06
2.344e-06
2.346e-06
2.231e-06
1.852e-06
2.782e-06
2.166e-06
1.723e-06
2.139e-06
3.801e-06
2.289e-06
2.09e-06
2.38e-06
1.942e-06
2.419e-06
2.63e-06
1.493e-06
2.529e-06
1.238e-06
1.814e-06
2.189e-06
1.746e-06
2.785e-06
3.049e-06
2.702e-06
1.765e-06
2.686e-06
1.965e-06
2.437e-06
2.318e-06
1.864e-06
1.615e-06
1.563e-06
2.316e-06
2.014e-06
1.661e-06
2.188e-06
1.985e-06
1.907e-06
1.981e-06
1.948e-06
3.105e-06
2.462e-06
1.721e-06
1.761e-06
2.12e-06
1.687e-06
1.986e-06
1.302e-06
1.204e-06
2.128e-06
1.891e-06
1.668e-06
1.88e-06
1.546e-06
1.982e-06
1.617e-06
1.285e-06
2.469e-06
4.289e-06
1.952e-06
1.901e-06
2.156e-06
1.75e-06
1.94e-06
1.632e-06
2.621e-06
2.314e-06
2.223e-06
2.27e-06
2.214e-06
2.31e-06
2.749e-06
2.289e-06
3.17e-06
2.313e-06
2.165e-06
1.799e-06
2.398e-06
2.095e-06
2.955e-06
2.575e-06
3.037e-06
1.905e-06
1.628e-06
2.195e-06
2.305e-06
2.696e-06
1.472e-06
1.897e-06
1.499e-06
1.947e-06
1.71e-06
2.225e-06
2.142e-06
1.53e-06
2.039e-06
1.941e-06
2.044e-06
2.133e-06
3.072e-06
1.401e-06
1.635e-06
2.599e-06
2.527e-06
2.543e-06
3.514e-06
2.116e-06
2.112e-06
1.84e-06
1.638e-06
2.524e-06
1.813e-06
2.573e-06
1.889e-06
2.511e-06
1.95e-06
2.313e-06
2.089e-06
1.806e-06
2.084e-06
2.83e-06
3.676e-06
2.43e-06
2.244e-06
2.211e-06
2.196e-06
1.824e-06
1.475e-06
2.107e-06
2.385e-06
2.925e-06
1.62e-06
2.959e-06
2.073e-06
1.947e-06
1.78e-06
2.78e-06
1.6e-06
3.156e-06
2.124e-06
2.61e-06
1.762e-06
1.587e-06
2.154e-06
2.801e-06
2.308e-06
2.648e-06
2.214e-06
2.941e-06
2.438e-06
2.087e-06
1.915e-06
2.325e-06
1.751e-06
1.501e-06
2.388e-06
1.659e-06
1.43e-06
1.8e-06
1.765e-06
1.95e-06
1.706e-06
2.736e-06
1.519e-06
1.572e-06
2.504e-06
1.922e-06
2.641e-06
1.825e-06
2.467e-06
1.475e-06
1.891e-06
1.737e-06
2.144e-06
2.255e-06
2.138e-06
2.884e-06
3.203e-06
2.429e-06
2.542e-06
2.535e-06
1.949e-06
2.215e-06
2.748e-06
2.465e-06
2.654e-06
1.249e-06
3.009e-06
4.578e-06
1.912e-06
2.299e-06
2.206e-06
1.74e-06
1.83e-06
1.782e-06
1.876e-06
2.46e-06
2.472e-06
2.24e-06
1.922e-06
2.561e-06
3.05e-06
2.205e-06
2.934e-06
2.143e-06
1.967e-06
1.788e-06
1.95e-06
3.196e-06
2.147e-06
1.78e-06
2.243e-06
2.869e-06
1.698e-06
2.094e-06
2.206e-06
2.188e-06
2.191e-06
2.028e-06
2.099e-06
1.326e-06
1.293e-06
1.479e-06
1.641e-06
1.868e-06
2.039e-06
2.621e-06
1.816e-06
2.004e-06
2.273e-06
2.267e-06
2.669e-06
2.936e-06
2.721e-06
1.836e-06
2.424e-06
2.951e-06
2.292e-06
2.517e-06
1.969e-06
2.132e-06
2.725e-06
3.689e-06
2.168e-06
3.858e-06
4.742e-06
2.153e-06
1.395e-06
1.518e-06
2.848e-06
2.291e-06
2.499e-06
3.03e-06
2.437e-06
2.041e-06
1.875e-06
2.246e-06
2.679e-06
1.752e-06
2.388e-06
1.838e-06
1.466e-06
1.934e-06
2.546e-06
1.815e-06
1.423e-06
1.642e-06
1.376e-06
1.721e-06
1.406e-06
1.558e-06
3.006e-06
1.728e-06
2.414e-06
2.063e-06
2.129e-06
1.871e-06
1.563e-06
2.215e-06
1.699e-06
2.25e-06
2.35e-06
2.133e-06
2.333e-06
2.594e-06
3.06e-06
2.942e-06
1.752e-06
1.496e-06
1.834e-06
2.535e-06
1.555e-06
2.228e-06
2.377e-06
2.35e-06
1.271e-06
2.573e-06
2.593e-06
2.117e-06
3.155e-06
2.708e-06
1.59e-06
2.185e-06
1.862e-06
2.184e-06
3.539e-06
1.866e-06
2.386e-06
2.321e-06
1.6e-06
2.306e-06
2.345e-06
1.202e-06
2.844e-06
2.039e-06
1.97e-06
2.971e-06
2.534e-06
2.514e-06
2.008e-06
2.354e-06
3.553e-06
2.289e-06
2.513e-06
3.374e-06
4.285e-06
2.562e-06
2.344e-06
1.398e-06
2.54e-06
1.784e-06
2.418e-06
2.691e-06
2.426e-06
2.12e-06
2.369e-06
2.2e-06
2.706e-06
1.907e-06
1.638e-06
2.861e-06
1.694e-06
1.561e-06
2.33e-06
1.336e-06
2.8e-06
4.014e-06
1.787e-06
2.832e-06
2.253e-06
2.872e-06
2.634e-06
2.999e-06
1.975e-06
2.101e-06
1.493e-06
1.925e-06
1.407e-06
1.792e-06
1.365e-06
2.77e-06
1.185e-06
2.695e-06
1.504e-06
2.747e-06
1.739e-06
2.691e-06
1.861e-06
2.465e-06
2.275e-06
2.656e-06
2.62e-06
1.855e-06
1.744e-06
1.531e-06
2.318e-06
1.906e-06
2.306e-06
2.203e-06
2.738e-06
1.813e-06
2.213e-06
2.641e-06
1.534e-06
1.622e-06
1.584e-06
1.907e-06
1.354e-06
2.164e-06
1.792e-06
2.426e-06
2.578e-06
3.094e-06
1.975e-06
1.998e-06
2.086e-06
3.247e-06
2.697e-06
2.16e-06
1.941e-06
2.364e-06
3.009e-06
2.07e-06
1.961e-06
2.196e-06
2.003e-06
1.839e-06
2.443e-06
2.144e-06
1.943e-06
2.188e-06
2.58e-06
1.809e-06
2.086e-06
1.953e-06
1.172e-06
2.078e-06
1.592e-06
2.582e-06
2.439e-06
2.44e-06
1.885e-06
2.399e-06
1.5e-06
2.492e-06
2.121e-06
1.464e-06
1.874e-06
2.84e-06
2.006e-06
2.553e-06
1.385e-06
2.395e-06
1.616e-06
2.65e-06
2.371e-06
2.793e-06
3.237e-06
2.274e-06
2.08e-06
2.204e-06
1.644e-06
1.763e-06
2.243e-06
2.426e-06
2.006e-06
2.644e-06
1.825e-06
2.668e-06
2.212e-06
2.192e-06
1.677e-06
1.975e-06
2.468e-06
1.636e-06
2.188e-06
2.305e-06
2.637e-06
1.972e-06
1.493e-06
2.302e-06
2.641e-06
1.947e-06
2.734e-06
2.234e-06
1.648e-06
2.415e-06
1.694e-06
1.67e-06
1.72e-06
1.605e-06
3.765e-06
2.289e-06
2.764e-06
2.424e-06
2.044e-06
1.661e-06
2.287e-06
3.075e-06
1.989e-06
3.47e-06
1.878e-06
2.424e-06
2.021e-06
2.096e-06
1.727e-06
1.995e-06
2.469e-06
2.008e-06
2.474e-06
2.377e-06
2.036e-06
3.365e-06
1.909e-06
1.823e-06
1.252e-06
1.683e-06
1.759e-06
1.579e-06
2.815e-06
2.185e-06
2.304e-06
3.076e-06
1.873e-06
1.76e-06
2.701e-06
2.034e-06
1.49e-06
1.16e-06
1.437e-06
1.171e-06
2.038e-06
2.597e-06
2.066e-06
2.151e-06
2.085e-06
2.026e-06
2.381e-06
2.347e-06
1.408e-06
2.107e-06
2.749e-06
1.803e-06
1.885e-06
1.07e-06
1.883e-06
2.197e-06
1.87e-06
1.99e-06
1.973e-06
1.723e-06
2.491e-06
1.214e-06
1.553e-06
2.035e-06
1.421e-06
2.66e-06
1.947e-06
2.697e-06
2.322e-06
2.126e-06
3.093e-06
2.131e-06
1.363e-06
1.683e-06
1.664e-06
2.281e-06
2.034e-06
2.621e-06
2.124e-06
2.206e-06
1.865e-06
1.817e-06
2.267e-06
1.475e-06
2.53e-06
1.941e-06
2.955e-06
1.887e-06
1.419e-06
1.509e-06
2.328e-06
2.385e-06
2.09e-06
1.582e-06
2.238e-06
1.331e-06
1.865e-06
1.043e-06
2.394e-06
1.8e-06
1.803e-06
1.802e-06
2.088e-06
1.618e-06
1.486e-06
1.388e-06
1.898e-06
1.791e-06
1.403e-06
1.917e-06
1.598e-06
2.894e-06
2.279e-06
1.548e-06
1.478e-06
2.098e-06
1.649e-06
1.06e-06
1.745e-06
1.461e-06
9.48e-07
1.438e-06
2.327e-06
1.52e-06
1.393e-06
1.683e-06
2.22e-06
2.168e-06
2.435e-06
1.543e-06
1.926e-06
2.245e-06
2.435e-06
2.532e-06
2.5e-06
1.725e-06
2.652e-06
1.723e-06
2.001e-06
1.365e-06
9.25e-07
1.675e-06
1.508e-06
2.862e-06
1.058e-06
1.567e-06
2.748e-06
2.184e-06
1.966e-06
2.003e-06
2.711e-06
2.497e-06
2.476e-06
1.856e-06
2.213e-06
2.385e-06
2.13e-06
3.124e-06
2.773e-06
2.064e-06
2.138e-06
2.721e-06
3.278e-06
2.423e-06
1.709e-06
2.703e-06
2.6e-06
1.74e-06
2.177e-06
2.611e-06
1.572e-06
2.662e-06
3.189e-06
1.697e-06
2.499e-06
1.926e-06
1.943e-06
1.452e-06
2.224e-06
1.804e-06
6.266e-06
2.351e-06
2.018e-06
2.44e-06
1.315e-06
2.99e-06
3.455e-06
1.459e-06
2.561e-06
4.411e-06
1.581e-06
1.902e-06
1.848e-06
1.8e-06
1.262e-06
1.899e-06
1.367e-06
8.7e-07
1.266e-06
1.69e-06
2.29e-06
1.916e-06
2.732e-06
1.309e-06
2.042e-06
2.73e-06
2.016e-06
3.566e-06
1.184e-06
1.177e-06
1.619e-06
1.291e-06
1.488e-06
2.821e-06
1.817e-06
1.583e-06
1.8e-06
2.15e-06
3.066e-06
1.917e-06
2.382e-06
2.268e-06
2.392e-06
1.231e-06
2.581e-06
2.287e-06
1.997e-06
2.845e-06
2.654e-06
2.054e-06
2.922e-06
1.674e-06
3.167e-06
3.11e-06
1.997e-06
2.197e-06
2.215e-06
1.125e-06
1.746e-06
1.477e-06
1.202e-06
1.877e-06
1.728e-06
1.427e-06
2.477e-06
2.753e-06
2.667e-06
1.797e-06
2.202e-06
1.792e-06
3.013e-06
2.334e-06
1.193e-06
2.148e-06
2.042e-06
2.473e-06
2.187e-06
3.158e-06
2.675e-06
2.699e-06
1.136e-06
1.218e-06
1.611e-06
1.389e-06
1.346e-06
3.497e-06
1.099e-06
1.794e-06
2.761e-06
2.507e-06
2.409e-06
3.095e-06
1.857e-06
2.669e-06
2.45e-06
3.101e-06
2.175e-06
2.597e-06
1.685e-06
2.237e-06
2.197e-06
2.707e-06
1.964e-06
2.324e-06
2.804e-06
2.172e-06
1.608e-06
1.926e-06
2.623e-06
1.297e-06
2.31e-06
2.503e-06
2.126e-06
1.628e-06
2.501e-06
2.165e-06
8.31e-07
2.064e-06
1.816e-06
2.008e-06
1.776e-06
1.287e-06
1.777e-06
1.428e-06
1.42e-06
2.365e-06
2.175e-06
1.78e-06
1.849e-06
1.146e-06
1.159e-06
2.41e-06
2.347e-06
1.332e-06
1.175e-06
1.349e-06
8.71e-07
7.67e-07
1.036e-06
1.006e-06
7.6e-07
1.18e-06
1.366e-06
7.232e-06
1.724e-06
1.967e-06
2.052e-06
1.551e-06
8.85e-07
1.504e-06
1.992e-06
1.63e-06
3.179e-06
1.593e-06
1.503e-06
1.429e-06
1.206e-06
1.992e-06
3.19e-06
1.454e-06
1.798e-06
1.381e-06
1.162e-06
1.101e-06
1.276e-06
1.698e-06
1.745e-06
1.186e-06
1.136e-06
1.152e-06
1.187e-06
1.268e-06
1.494e-06
1.176e-06
1.187e-06
8.87e-07
8.92e-07
1.636e-06
7.74e-07
7.74e-07
2.889e-06
8.66e-07
1.844e-06
1.665e-06
9.91e-07
1.211e-06
1.267e-06
1.014e-06
1.323e-06
1.862e-06
1.046e-06
1.092e-06
9.93e-07
1.359e-06
8.95e-07
7.26e-07
1.17e-06
8.96e-07
1.937e-06
1.084e-06
8.44e-07
2.05e-06
2.192e-06
1.698e-06
1.202e-06
1.268e-06
1.094e-06
9.46e-07
1.086e-06
1.999e-06
1.554e-06
2.211e-06
1.429e-06
1.99e-06
4.592e-06
3.133e-06
2.306e-06
1.852e-06
1.439e-06
2.041e-06
1.568e-06
2.616e-06
1.004e-06
1.772e-06
1.963e-06
1.614e-06
1.718e-06
2.854e-06
2.446e-06
1.761e-06
2.519e-06
1.705e-06
1.723e-06
1.597e-06
1.66e-06
1.723e-06
1.929e-06
2.174e-06
2.318e-06
2e-06
1.838e-06
2.5e-06
1.292e-06
1.884e-06
2.321e-06
1.561e-06
1.186e-06
1.899e-06
1.139e-06
2.342e-06
2.109e-06
2.686e-06
1.66e-06
1.114e-06
1.533e-06
2.046e-06
2.157e-06
1.227e-06
1.809e-06
1.494e-06
3.68e-06
1.254e-06
2.541e-06
2.538e-06
2.188e-06
1.819e-06
1.545e-06
1.365e-06
1.979e-06
1.51e-06
1.603e-06
1.73e-06
1.703e-06
1.26e-06
1.554e-06
9.91e-07
1.356e-06
9.12e-07
1.041e-06
8.93e-07
8.63e-07
1.559e-06
1.115e-06
1.087e-06
1.642e-06
1.23e-06
1.14e-06
1.24e-06
8.63e-07
1.079e-06
8.85e-07
2.376e-06
1.767e-06
7.2e-07
1.198e-06
9.55e-07
2.052e-06
1.59e-06
1.227e-06
1.311e-06
1.845e-06
1.164e-06
1.951e-06
1.252e-06
1.005e-06
8.74e-07
1.193e-06
1.464e-06
1.118e-06
9.44e-07
8.95e-07
1.813e-06
9.07e-07
9.36e-07
1.447e-06
7.14e-07
1.049e-06
2.083e-06
1.132e-06
1.878e-06
1.383e-06
1.283e-06
9.7e-07
1.687e-06
8.44e-07
1.041e-06
1.371e-06
2.626e-06
2.011e-06
1.981e-06
3.207e-06
2.044e-06
2.051e-06
2.502e-06
2.345e-06
2.205e-06
2.436e-06
1.988e-06
1.775e-06
1.262e-06
1.197e-06
2.423e-06
1.96e-06
1.826e-06
1.725e-06
1.243e-06
2.293e-06
1.431e-06
1.803e-06
2.319e-06
1.273e-06
1.401e-06
1.897e-06
1.694e-06
1.492e-06
2.276e-06
2.525e-06
1.749e-06
2.282e-06
2.545e-06
1.331e-06
1.873e-06
1.134e-06
2.003e-06
2.128e-06
1.599e-06
1.82e-06
1.966e-06
1.569e-06
2.461e-06
1.982e-06
2.207e-06
3.204e-06
2.832e-06
2.208e-06
1.833e-06
1.952e-06
1.563e-06
2.26e-06
1.68e-06
1.608e-06
1.793e-06
2.125e-06
2.87e-06
1.73e-06
2.902e-06
1.779e-06
1.815e-06
2.514e-06
1.46e-06
2.228e-06
1.309e-06
2.621e-06
1.828e-06
1.47e-06
1.85e-06
2.459e-06
2.84e-06
2.214e-06
1.274e-06
2.113e-06
1.22e-06
2.057e-06
2.809e-06
2.193e-06
1.94e-06
2.257e-06
1.838e-06
1.087e-06
2.688e-06
2.242e-06
2.145e-06
1.963e-06
2.479e-06
1.628e-06
2.305e-06
2.048e-06
1.849e-06
2.165e-06
2.391e-06
1.38e-06
2.634e-06
2.055e-06
2.424e-06
2.769e-06
1.916e-06
2.08e-06
2.165e-06
2.537e-06
3.222e-06
2.774e-06
3.094e-06
2.168e-06
2.24e-06
3.061e-06
3.552e-06
2.221e-06
2.104e-06
1.633e-06
3.36e-06
2.234e-06
2.664e-06
1.896e-06
1.373e-06
2.018e-06
3.115e-06
3.151e-06
2.43e-06
2.177e-06
1.794e-06
2.413e-06
2.662e-06
2.348e-06
2.703e-06
1.975e-06
2.85e-06
2.892e-06
1.5871e-05
3.148e-06
2.795e-06
1.478e-06
3.144e-06
2.491e-06
2.552e-06
1.5e-06
3.539e-06
2.122e-06
2.993e-06
3.09e-06
2.411e-06
1.437e-06
2.801e-06
2.394e-06
2.647e-06
1.766e-06
2.753e-06
2.179e-06
4.075e-06
2.135e-06
2.113e-06
2.685e-06
2.403e-06
2.491e-06
1.876e-06
1.912e-06
2.024e-06
2.634e-06
1.365e-06
1.421e-06
2.056e-06
4.272e-06
2.944e-06
2.817e-06
2.746e-06
2.058e-06
3.313e-06
2.315e-06
2.511e-06
1.489e-06
2.941e-06
1.046e-06
6.956e-06
1.816e-06
1.284e-06
2.36e-06
2.296e-06
2.659e-06
1.407e-06
2.792e-06
2.279e-06
3.418e-06
2.707e-06
2.218e-06
3.185e-06
1.232e-06
2.673e-06
1.54e-06
3.286e-06
2.089e-06
2.158e-06
2.263e-06
3.07e-06
3.647e-06
3.206e-06
1.689e-06
1.203e-06
1.337e-06
2.785e-06
2.411e-06
2.928e-06
2.067e-06
2.768e-06
2.214e-06
1.607e-06
2.219e-06
1.775e-06
1.623e-06
1.722e-06
2.73e-06
2.63e-06
2.974e-06
2.832e-06
2.505e-06
2.103e-06
2.718e-06
2.207e-06
2.539e-06
2.736e-06
3.523e-06
1.76e-06
1.085e-06
1.047e-06
1.977e-06
3.218e-06
5.132e-06
2.373e-06
2.594e-06
2.273e-06
2.216e-06
1.411e-06
2.672e-06
1.293e-06
2.001e-06
2.356e-06
1.926e-06
1.988e-06
1.203e-06
2.288e-06
1.311e-06
1.812e-06
2.554e-06
1.613e-06
3.32e-06
2.399e-06
1.045e-06
2.983e-06
2.842e-06
1.616e-06
2.408e-06
2.567e-06
1.079e-06
2.573e-06
1.752e-06
2.864e-06
1.583e-06
2.238e-06
2.117e-06
1.692e-06
1.924e-06
1.962e-06
1.912e-06
2.279e-06
1.903e-06
1.954e-06
3.396e-06
2.01e-06
1.672e-06
1.668e-06
1.522e-06
1.451e-06
1.81e-06
1.124e-06
1.486e-06
1.947e-06
1.997e-06
2.275e-06
2.299e-06
1.513e-06
1.44e-06
1.974e-06
2.282e-06
3.035e-06
1.13e-06
1.482e-06
1.767e-06
2.436e-06
2.077e-06
1.966e-06
1.924e-06
1.115e-06
1.742e-06
1.478e-06
1.565e-06
1.663e-06
2.356e-06
1.396e-06
1.763e-06
2.664e-06
1.398e-06
2.191e-06
2.313e-06
4.501e-06
2.745e-06
1.753e-06
2.024e-06
2.425e-06
1.527e-06
2.066e-06
5.022e-06
1.758e-06
1.949e-06
1.005e-06
9.25e-07
1.163e-06
1.529e-06
1.977e-06
1.684e-06
1.487e-06
2.202e-06
2.003e-06
1.699e-06
3.084e-06
1.412e-06
2.037e-06
1.099e-06
2.144e-06
1.794e-06
2.581e-06
2.049e-06
2.151e-06
2.081e-06
1.744e-06
1.641e-06
2.146e-06
2.7e-06
1.629e-06
2.013e-06
2.208e-06
1.805e-06
1.501e-06
1.771e-06
1.833e-06
1.302e-06
1.499e-06
1.902e-06
1.934e-06
1.786e-06
2.103e-06
1.475e-06
1.795e-06
1.185e-06
3.173e-06
1.939e-06
2.123e-06
1.95e-06
1.536e-06
1.843e-06
1.603e-06
1.952e-06
1.517e-06
1.928e-06
2.197e-06
2.132e-06
1.527e-06
1.63e-06
3.629e-06
1.825e-06
1.411e-06
1.768e-06
2.417e-06
1.694e-06
2.339e-06
2.524e-06
2.055e-06
2.049e-06
2.143e-06
4.432e-06
3.076e-06
2.47e-06
1.879e-06
1.526e-06
1.696e-06
2.163e-06
2.539e-06
2.71e-06
1.672e-06
2.358e-06
1.216e-06
1.698e-06
3.241e-06
2.13e-06
2.082e-06
2.235e-06
1.343e-06
2.227e-06
1.755e-06
1.737e-06
1.778e-06
1.671e-06
1.783e-06
2.015e-06
1.809e-06
1.476e-06
1.853e-06
2.791e-06
1.684e-06
2.632e-06
1.637e-06
1.089e-06
1.535e-06
3.378e-06
2.069e-06
2.997e-06
3.037e-06
2.762e-06
1.892e-06
2.08e-06
1.911e-06
1.624e-06
2e-06
1.844e-06
2.853e-06
3.28e-06
3.096e-06
3.326e-06
2.304e-06
2.119e-06
2.252e-06
2.152e-06
3.13e-06
1.589e-06
1.4e-06
1.527e-06
1.714e-06
1.165e-06
2.169e-06
1.635e-06
2.251e-06
1.775e-06
2.446e-06
1.14e-06
1.059e-06
1.736e-06
1.534e-06
1.817e-06
1.421e-06
1.842e-06
2.167e-06
2.222e-06
1.853e-06
2.087e-06
2.469e-06
1.491e-06
1.945e-06
2.31e-06
2.079e-06
2.347e-06
2.597e-06
1.966e-06
1.84e-06
1.682e-06
1.48e-06
3.595e-06
2.324e-06
1.64e-06
3.339e-06
1.8e-06
2.797e-06
2.461e-06
2.14e-06
1.84e-06
2.522e-06
1.804e-06
1.57e-06
3.286e-06
1.548e-06
1.89e-06
2.735e-06
2.278e-06
1.897e-06
1.989e-06
2.572e-06
1.325e-06
2.301e-06
2.052e-06
2.722e-06
1.591e-06
1.709e-06
1.925e-06
1.177e-06
3.54e-06
1.39e-06
1.947e-06
1.699e-06
1.921e-06
2.441e-06
1.109e-06
2.292e-06
1.578e-06
2.813e-06
2.255e-06
1.716e-06
1.785e-06
2.951e-06
1.552e-06
2.223e-06
1.564e-06
2.259e-06
2.077e-06
1.565e-06
1.543e-06
2.187e-06
2.095e-06
1.686e-06
1.754e-06
2.195e-06
1.854e-06
1.053e-06
2.135e-06
2.229e-06
1.99e-06
1.794e-06
1.528e-06
1.149e-06
1.814e-06
2.084e-06
1.86e-06
2.278e-06
2.373e-06
1.65e-06
1.938e-06
2.489e-06
1.243e-06
2.338e-06
2.278e-06
2.231e-06
1.917e-06
1.659e-06
1.924e-06
1.815e-06
2.538e-06
1.606e-06
1.197e-06
1.831e-06
2.433e-06
1.635e-06
2.463e-06
2.5e-06
1.876e-06
2.135e-06
1.239e-06
1.148e-06
1.463e-06
1.974e-06
1.949e-06
1.612e-06
2.014e-06
1.399e-06
3.054e-06
1.183e-06
3.212e-06
3.04e-06
2.13e-06
1.112e-06
1.477e-06
2.316e-06
2.579e-06
1.252e-06
3.432e-06
3.314e-06
2.568e-06
3.697e-06
3.345e-06
1.404e-06
2.738e-06
2.596e-06
3.595e-06
1.354e-06
3.096e-06
3.499e-06
3.62e-06
2.736e-06
1.295e-06
2.358e-06
2.551e-06
3.231e-06
2.578e-06
1.402e-06
2.451e-06
1.406e-06
3.021e-06
2.712e-06
2.099e-06
2.307e-06
2.516e-06
2.889e-06
1.867e-06
2.39e-06
3.23e-06
1.34e-06
2.715e-06
2.861e-06
2.468e-06
2.897e-06
1.897e-06
2.652e-06
2.363e-06
2.52e-06
2.506e-06
3.711e-06
2.584e-06
2.987e-06
2.389e-06
1.964e-06
1.529e-06
2.289e-06
1.818e-06
2.612e-06
1.914e-06
3.718e-06
2.085e-06
9.95e-07
2.242e-06
2.377e-06
2.169e-06
2.814e-06
3.687e-06
1.476e-06
1.778e-06
2.786e-06
2.677e-06
1.692e-06
1.206e-06
2.337e-06
2.059e-06
2.404e-06
2.65e-06
1.397e-06
2.059e-06
2.686e-06
2.234e-06
1.742e-06
2.449e-06
2.359e-06
1.784e-06
1.439e-06
2.764e-06
3.202e-06
2.355e-06
1.505e-06
9.92e-07
1.119e-06
1.973e-06
2.364e-06
1.229e-06
2.656e-06
2.196e-06
2.207e-06
2.502e-06
1.455e-06
2.844e-06
2.503e-06
1.464e-06
2.68e-06
2.144e-06
2.674e-06
1.98e-06
2.167e-06
1.514e-06
1.106e-06
2.111e-06
2.03e-06
1.633e-06
2.053e-06
2.279e-06
1.82e-06
2.249e-06
1.438e-06
2.483e-06
3.062e-06
2.75e-06
1.583e-06
2.041e-06
1.711e-06
2.596e-06
2.256e-06
1.713e-06
2.728e-06
1.671e-06
2.241e-06
2.45e-06
2.824e-06
2.679e-06
2.682e-06
3.902e-06
1.709e-06
1.547e-06
1.698e-06
1.139e-06
1.925e-06
1.498e-06
2.065e-06
2.577e-06
1.787e-06
2.233e-06
1.15e-06
1.605e-06
2.39e-06
1.95e-06
1.141e-06
1.559e-06
2.258e-06
1.761e-06
2.918e-06
2.441e-06
2.364e-06
1.828e-06
1.758e-06
1.739e-06
1.699e-06
2.802e-06
1.9e-06
2.575e-06
1.732e-06
1.569e-06
1.742e-06
1.753e-06
1.707e-06
1.914e-06
1.084e-06
1.78e-06
1.73e-06
2.248e-06
1.769e-06
1.634e-06
1.024e-06
1.622e-06
1.114e-06
1.658e-06
1.654e-06
1.381e-06
2.121e-06
1.809e-06
2.015e-06
1.52e-06
1.578e-06
1.632e-06
1.724e-06
1.841e-06
2.098e-06
2.104e-06
1.406e-06
1.609e-06
1.546e-06
3.124e-06
1.518e-06
1.732e-06
2.465e-06
1.895e-06
2.79e-06
1.841e-06
1.779e-06
1.97e-06
2.912e-06
1.625e-06
2.081e-06
1.863e-06
2.026e-06
4.229e-06
2.226e-06
1.581e-06
1.839e-06
2.962e-06
1.61e-06
1.859e-06
2.315e-06
2.948e-06
2.002e-06
1.777e-06
1.759e-06
2.028e-06
2.143e-06
2.285e-06
1.849e-06
2.424e-06
1.892e-06
2.445e-06
1.458e-06
1.173e-06
1.284e-06
1.915e-06
1.988e-06
2.92e-06
2.476e-06
1.328e-06
3.63e-06
2.725e-06
2.159e-06
3.112e-06
3.286e-06
2.724e-06
2.75e-06
3.584e-06
2.419e-06
2.772e-06
3.011e-06
3.516e-06
2.814e-06
1.247e-06
2.42e-06
2.559e-06
2.204e-06
2.375e-06
3.217e-06
2.211e-06
1.335e-06
2.085e-06
2.089e-06
2.981e-06
1.58e-06
2.52e-06
3.11e-06
3.355e-06
1.632e-06
3.252e-06
3.207e-06
1.825e-06
3.061e-06
2.527e-06
2.611e-06
2.287e-06
3.314e-06
3.898e-06
1.671e-06
2.794e-06
3.323e-06
1.492e-06
2.631e-06
2.911e-06
2.335e-06
1.401e-06
2.804e-06
2.047e-06
1.517e-06
2.59e-06
2.944e-06
2.465e-06
3.734e-06
3.428e-06
3.036e-06
2.782e-06
4.041e-06
2.744e-06
2.017e-06
3.897e-06
4.173e-06
2.738e-06
2.392e-06
1.222e-06
1.713e-06
2.023e-06
1.725e-06
2.163e-06
2.791e-06
1.518e-06
2.642e-06
2.515e-06
3.54e-06
3.683e-06
2.083e-06
1.936e-06
3.422e-06
2.242e-06
1.356e-06
2.124e-06
3.289e-06
2.518e-06
1.641e-06
4.943e-06
2.59e-06
2.361e-06
1.651e-06
4.481e-06
2.532e-06
1.18e-06
1.904e-06
2.963e-06
2.549e-06
2.767e-06
2.538e-06
2.372e-06
2.861e-06
2.457e-06
2.734e-06
2.528e-06
3.319e-06
2.35e-06
1.328e-06
2.398e-06
3.354e-06
3.141e-06
2.182e-06
1.476e-06
2.598e-06
1.361e-06
1.869e-06
2.109e-06
3.054e-06
2.797e-06
2.213e-06
2.861e-06
2.618e-06
2.891e-06
2.556e-06
1.437e-06
2.253e-06
3.073e-06
3.44e-06
2.032e-06
1.29e-06
2.684e-06
1.529e-06
2.546e-06
1.768e-06
2.326e-06
2.323e-06
9.87e-07
1.364e-06
2.41e-06
1.854e-06
2.317e-06
3.09e-06
2.656e-06
2.558e-06
1.927e-06
3.635e-06
2.576e-06
1.966e-06
2.83e-06
3.283e-06
3.618e-06
2.783e-06
2.193e-06
3.849e-06
2.347e-06
2.299e-06
2.919e-06
2.034e-06
2.943e-06
1.882e-06
2.546e-06
2.904e-06
3.445e-06
2.452e-06
1.562e-06
1.83e-06
2.974e-06
2.856e-06
2.081e-06
2.336e-06
1.924e-06
2.269e-06
4.624e-06
2.397e-06
2.063e-06
2.465e-06
2.252e-06
2.663e-06
2.267e-06
1.975e-06
1.58e-06
1.589e-06
1.871e-06
1.48e-06
2.702e-06
2.084e-06
3.228e-06
1.923e-06
1.618e-06
1.049e-06
1.34e-06
1.958e-06
1.904e-06
1.632e-06
2.498e-06
2.223e-06
2.768e-06
2.239e-06
2.502e-06
2.097e-06
1.311e-06
2.483e-06
2.413e-06
2.743e-06
2.204e-06
1.579e-06
1.61e-06
2.28e-06
2.752e-06
2.591e-06
1.984e-06
2.186e-06
2.734e-06
2.178e-06
3.053e-06
3.753e-06
2.099e-06
2.553e-06
2.182e-06
2.335e-06
2.484e-06
2.342e-06
3.559e-06
2.333e-06
2.578e-06
2.848e-06
2.09e-06
2.483e-06
2.172e-06
1.821e-06
2.128e-06
1.706e-06
3.108e-06
1.151e-06
2.559e-06
1.892e-06
3.093e-06
1.483e-06
1.226e-06
1.416e-06
1.752e-06
2.651e-06
2.78e-06
3.209e-06
2.062e-06
1.558e-06
1.456e-06
3.204e-06
2.818e-06
1.432e-06
2.856e-06
2.635e-06
2.486e-06
6.436e-06
2.724e-06
2.615e-06
2.552e-06
1.867e-06
2.66e-06
3.3e-06
2.736e-06
2.253e-06
2.279e-06
1.465e-06
3.192e-06
4.709e-06
3.367e-06
1.55e-06
1.503e-06
1.523e-06
1.772e-06
2.138e-06
1.744e-06
1.944e-06
2.289e-06
2.771e-06
1.615e-06
1.572e-06
2.403e-06
1.626e-06
1.638e-06
1.885e-06
2.73e-06
3.07e-06
2.659e-06
2.384e-06
1.339e-06
2.724e-06
2.456e-06
2.311e-06
2.639e-06
1.5e-06
1.772e-06
2.817e-06
2.466e-06
3.378e-06
3.345e-06
1.795e-06
2.218e-06
2.874e-06
1.334e-06
1.436e-06
1.927e-06
3.987e-06
2.333e-06
3.084e-06
1.73e-06
2.657e-06
1.885e-06
3.158e-06
2.183e-06
2.055e-06
3.37e-06
2.033e-06
2.822e-06
2.017e-06
2.369e-06
1.45e-06
2.872e-06
1.53e-06
1.739e-06
1.375e-06
3.413e-06
1.379e-06
2.659e-06
3.985e-06
2.332e-06
3.071e-06
2.279e-06
2.91e-06
2.08e-06
3.563e-06
1.611e-05
3.579e-06
5.027e-06
2.949e-06
2.463e-06
2.991e-06
1.934e-06
2.741e-06
2.796e-06
2.614e-06
2.571e-06
2.469e-06
2.627e-06
2.471e-06
1.565e-06
2.636e-06
2.094e-06
3.279e-06
2.337e-06
1.822e-06
2.459e-06
2.122e-06
1.584e-06
2.65e-06
2.39e-06
2.305e-06
1.635e-06
2.658e-06
3.478e-06
2.367e-06
3.247e-06
2.218e-06
1.824e-06
1.779e-06
3.144e-06
2.088e-06
3.228e-06
2.977e-06
1.831e-06
2.39e-06
1.751e-06
2.001e-06
3.381e-06
2.637e-06
2.262e-06
1.86e-06
2.466e-06
2.751e-06
2.357e-06
4.095e-06
3.971e-06
2.841e-06
1.704e-06
2.524e-06
2.435e-06
2.119e-06
2.338e-06
2.326e-06
2.632e-06
2.064e-06
1.566e-06
2.702e-06
5.516e-06
2.888e-06
1.888e-06
2.115e-06
1.553e-06
1.1e-06
1.979e-06
2.328e-06
1.906e-06
1.751e-06
1.855e-06
1.385e-06
2.478e-06
1.619e-06
3.336e-06
2.615e-06
2.415e-06
1.171e-06
2.164e-06
2.642e-06
2.617e-06
2.706e-06
1.612e-06
3.437e-06
4.975e-06
2.865e-06
3.293e-06
1.65e-06
3.493e-06
2.424e-06
2.622e-06
1.856e-06
1.75e-06
2.898e-06
3.745e-06
2.785e-06
2.37e-06
1.755e-06
1.672e-06
2.205e-06
2.733e-06
3.963e-06
2.318e-06
3.481e-06
2.811e-06
1.388e-06
2.298e-06
3.528e-06
3.019e-06
1.932e-06
3.091e-06
3.334e-06
3.101e-06
3.001e-06
4.031e-06
1.399e-06
2.329e-06
2.453e-06
1.832e-06
2.106e-06
1.48e-06
2.895e-06
2.288e-06
2.271e-06
1.286e-06
2.414e-06
1.532e-06
2.37e-06
1.45e-06
2.636e-06
3.091e-06
2.435e-06
3.396e-06
4.32e-06
1.456e-06
2.469e-06
1.406e-06
2.349e-06
2.589e-06
1.75e-06
2.509e-06
1.701e-06
1.893e-06
2.681e-06
2.918e-06
2.79e-06
1.456e-06
2.064e-06
1.906e-06
2.698e-06
2.85e-06
2.269e-06
2.395e-06
1.951e-06
2.969e-06
2.925e-06
2.855e-06
4.192e-06
2.698e-06
3.329e-06
2.873e-06
1.474e-06
4.463e-06
3.885e-06
2.912e-06
3.2e-06
3.664e-06
4.061e-06
4.53e-06
2.455e-06
1.93e-06
4.11e-06
1.981e-06
1.293e-06
2.827e-06
2.585e-06
3.055e-06
4.634e-06
1.639e-06
1.801e-06
3.486e-06
2.226e-06
3.365e-06
3.356e-06
2.372e-06
3.103e-06
3.462e-06
2.413e-06
3.318e-06
2.802e-06
2.701e-06
3.637e-06
2.69e-06
3.016e-06
3.559e-06
2.416e-06
1.622e-06
3.164e-06
2.46e-06
2.351e-06
2.413e-06
2.346e-06
3.791e-06
2.646e-06
3.936e-06
2.941e-06
2.652e-06
2.259e-06
3.425e-06
1.761e-06
1.82e-06
4.533e-06
3.724e-06
1.471e-06
3.756e-06
2.497e-06
2.429e-06
2.826e-06
2.56e-06
2.768e-06
2.453e-06
2.486e-06
3.193e-06
3.68e-06
2.331e-06
3.322e-06
5.132e-06
2.533e-06
2.668e-06
3.838e-06
2.274e-06
4.023e-06
3.481e-06
2.698e-06
2.44e-06
3.199e-06
4.019e-06
2.895e-06
3.005e-06
3.143e-06
2.41e-06
2.984e-06
3.358e-06
1.454e-06
3.102e-06
2.04e-06
3.911e-06
2.948e-06
3.695e-06
2.676e-06
2.708e-06
1.719e-06
2.712e-06
2.621e-06
2.92e-06
1.889e-06
1.381e-06
5.462e-06
4.069e-06
4.415e-06
2.108e-06
2.513e-06
2.91e-06
2.702e-06
3.705e-06
2.479e-06
2.81e-06
3.258e-06
1.634e-06
3.46e-06
2.687e-06
3.227e-06
2.441e-06
3.186e-06
3e-06
4.164e-06
1.686e-06
2.712e-06
2.055e-06
4.334e-06
2.884e-06
3.074e-06
2.409e-06
2.847e-06
1.87e-06
2.8e-06
2.364e-06
2.882e-06
2.325e-06
2.429e-06
3.84e-06
3.169e-06
2.305e-06
3.125e-06
3.32e-06
3.498e-06
2.732e-06
3.583e-06
1.991e-06
2.664e-06
2.849e-06
3.376e-06
2.574e-06
2.011e-06
2.105e-06
2.946e-06
2.687e-06
2.601e-06
2.837e-06
1.821e-06
2.6e-06
1.823e-06
2.23e-06
2.019e-06
1.883e-06
1.576e-06
3.828e-06
3.711e-06
3.626e-06
2.797e-06
2.863e-06
3.745e-06
3.2e-06
2.391e-06
2.613e-06
2.706e-06
2.798e-06
2.997e-06
2.959e-06
3.307e-06
2.183e-06
1.767e-06
1.714e-06
1.546e-06
1.552e-06
2.242e-06
3.489e-06
3.537e-06
2.251e-06
1.668e-06
2.46e-06
2.56e-06
1.435e-06
2.411e-06
3.112e-06
2.642e-06
2.503e-06
3.145e-06
2.803e-06
2.9e-06
1.418e-06
3.357e-06
3.04e-06
2.829e-06
4.414e-06
2.11e-06
2.278e-06
3.1e-06
2.568e-06
1.836e-06
2.692e-06
4.095e-06
3.422e-06
1.181e-06
1.864e-06
2.032e-06
2.591e-06
2.695e-06
2.4e-06
1.475e-06
2.187e-06
2.37e-06
2.419e-06
2.304e-06
1.598e-06
1.287e-06
2.338e-06
2.033e-06
2.045e-06
2.955e-06
2.729e-06
2.619e-06
2.637e-06
2.097e-06
3.447e-06
3.489e-06
2.716e-06
2.25e-06
2.892e-06
2.724e-06
2.017e-06
2.508e-06
2.628e-06
3.272e-06
1.7e-06
2.15e-06
2.425e-06
2.875e-06
2.816e-06
3.648e-06
2.132e-06
2.875e-06
2.726e-06
3.1e-06
1.904e-06
3.668e-06
2.851e-06
3.925e-06
3.211e-06
3.379e-06
2.483e-06
2.424e-06
1.453e-06
2.2e-06
2.529e-06
3.141e-06
3.938e-06
1.308e-06
2.771e-06
1.688e-06
2.77e-06
2.168e-06
3.294e-06
3.088e-06
1.704e-06
4.148e-06
2.929e-06
2.899e-06
2.572e-06
2.424e-06
3.563e-06
3.471e-06
4.382e-06
2.175e-06
2.332e-06
2.777e-06
2.477e-06
3.395e-06
2.496e-06
3.85e-06
4.012e-06
4.096e-06
3.157e-06
3.764e-06
3.739e-06
3.458e-06
2.142e-06
2.435e-06
2.748e-06
2.473e-06
2.359e-06
1.549e-06
3.351e-06
3.046e-06
2.526e-06
2.591e-06
1.808e-06
1.971e-06
1.823e-06
3.436e-06
3.335e-06
5.596e-06
2.968e-06
2.752e-06
2.595e-06
3.136e-06
2.607e-06
2.799e-06
3.527e-06
2.725e-06
3.447e-06
2.841e-06
2.718e-06
3.228e-06
3.213e-06
2.532e-06
3.639e-06
3.427e-06
2.807e-06
3.082e-06
3.824e-06
2.381e-06
2.587e-06
2.223e-06
3.234e-06
1.447e-06
3.516e-06
2.462e-06
5.094e-06
4.693e-06
4.015e-06
2.662e-06
1.285e-06
2.447e-06
2.965e-06
2.849e-06
4.268e-06
5.87e-06
3.092e-06
2.804e-06
2.869e-06
3.458e-06
2.594e-06
2.923e-06
2.862e-06
2.79e-06
1.603e-06
3.849e-06
1.866e-06
1.996e-06
2.747e-06
1.637e-06
2.239e-06
4.507e-06
3.401e-06
2.825e-06
2.442e-06
3.714e-06
3.24e-06
1.928e-06
2.75e-06
3.188e-06
1.962e-06
3.068e-06
1.889e-06
2.589e-06
2.531e-06
3.339e-06
3.757e-06
3.341e-06
3.703e-06
1.263e-06
3.009e-06
4.755e-06
3.398e-06
2.098e-06
2.209e-06
1.522e-06
2.511e-06
1.932e-06
1.37e-06
3.611e-06
3.964e-06
2.76e-06
2.874e-06
3.209e-06
3.607e-06
2.643e-06
2.904e-06
2.221e-06
2.603e-06
3.199e-06
2.009e-06
2.818e-06
2.802e-06
2.475e-06
1.88e-06
3.255e-06
3.381e-06
1.883e-06
2.97e-06
2.692e-06
3.556e-06
2.763e-06
2.558e-06
2.608e-06
3.397e-06
2.954e-06
3.276e-06
3.108e-06
4.069e-06
3.004e-06
4.684e-06
3.499e-06
3.008e-06
2.932e-06
3.107e-06
5.739e-06
2.577e-06
2.312e-06
4.107e-06
2.962e-06
3.371e-06
3.201e-06
2.997e-06
3.051e-06
3.518e-06
1.932e-06
3.431e-06
2.983e-06
4.254e-06
4.82e-06
2.901e-06
4.039e-06
4.359e-06
3.407e-06
3.663e-06
3.164e-06
2.544e-06
3.94e-06
2.88e-06
2.861e-06
3.379e-06
2.412e-06
4.195e-06
3.409e-06
1.915e-06
2.308e-06
2.959e-06
3.226e-06
2.467e-06
3.958e-06
2.736e-06
2.266e-06
4.388e-06
1.702e-06
2.829e-06
3.252e-06
2.832e-06
1.914e-06
3.949e-06
1.884e-06
1.87e-06
2.022e-06
3.732e-06
2.905e-06
4.416e-06
4.268e-06
4.015e-06
3.135e-06
3.085e-06
4.938e-06
2.975e-06
3.035e-06
2.902e-06
1.791e-06
2.849e-06
1.396e-06
2.589e-06
1.966e-06
3.568e-06
3.666e-06
2.545e-06
2.521e-06
4.999e-06
2.639e-06
2.724e-06
2.942e-06
3.793e-06
3.586e-06
2.443e-06
1.627e-06
2.589e-06
1.691e-06
1.822e-06
3.149e-06
2.517e-06
3.513e-06
1.816e-06
2.465e-06
2.725e-06
2.928e-06
3.864e-06
4.174e-06
3.099e-06
4.2e-06
2.513e-06
3.468e-06
2.356e-06
1.802e-06
3.206e-06
4.099e-06
3.41e-06
1.881e-06
2.359e-06
2.547e-06
3.211e-06
4.53e-06
1.524e-06
2.52e-06
2.39e-06
2.945e-06
2.787e-06
3.773e-06
2.513e-06
3.04e-06
2.978e-06
2.491e-06
2.661e-06
2.454e-06
2.814e-06
2.6e-06
1.932e-06
3.096e-06
2.581e-06
3.684e-06
3.4e-06
1.797e-06
2.264e-06
3.114e-06
4.279e-06
2.646e-06
4.802e-06
2.76e-06
2.895e-06
2.917e-06
3.93e-06
2.12e-06
3.797e-06
4.423e-06
3.088e-06
2.377e-06
1.7e-06
3.25e-06
6.63e-06
1.815e-06
1.997e-06
3.093e-06
3.733e-06
2.872e-06
4.325e-06
2.702e-06
2.948e-06
2.643e-06
2.968e-06
2.652e-06
3.388e-06
2.078e-06
2.375e-06
3.369e-06
2.71e-06
2.912e-06
2.546e-06
2.937e-06
3.367e-06
2.776e-06
4.245e-06
3.192e-06
2.246e-06
3.266e-06
2.631e-06
7.043e-06
3.216e-06
2.713e-06
4.059e-06
3.156e-06
1.951e-06
4.141e-06
2.575e-06
3.487e-06
2.515e-06
4.49e-06
3.139e-06
4.579e-06
3.714e-06
2.375e-06
1.485e-06
2.115e-06
3.018e-06
2.403e-06
4.615e-06
1.821e-06
2.235e-06
2.524e-06
3.279e-06
2.837e-06
2.397e-06
2.308e-06
3.218e-06
1.713e-06
1.648e-06
2.989e-06
2.239e-06
4.077e-06
1.303e-06
2.979e-06
2.915e-06
3.292e-06
2.934e-06
1.874e-06
1.828e-06
2.787e-06
2.775e-06
2.758e-06
5.218e-06
2.32e-06
2.595e-06
2.481e-06
4.021e-06
1.45e-06
3.373e-06
3.085e-06
2.861e-06
3.225e-06
2.568e-06
2.308e-06
2.967e-06
2.794e-06
1.865e-06
2.39e-06
2.728e-06
2.003e-06
2.862e-06
1.972e-06
4.409e-06
1.964e-06
1.439e-06
3.741e-06
3.557e-06
1.987e-06
1.662e-06
3.43e-06
3.227e-06
3.088e-06
1.931e-06
2.243e-06
2.513e-06
2.276e-06
1.536e-06
3.211e-06
3.713e-06
2.364e-06
3.384e-06
2.765e-06
2.378e-06
3.479e-06
4.174e-06
2.86e-06
3.411e-06
2.861e-06
2.422e-06
1.699e-06
5.239e-06
2.695e-06
3.12e-06
2.895e-06
2.401e-06
3.029e-06
3.739e-06
2.762e-06
1.659e-06
3.152e-06
2.274e-06
2.79e-06
3.287e-06
2.443e-06
2.771e-06
4.02e-06
3.101e-06
2.836e-06
3.228e-06
3.139e-06
3.402e-06
2.132e-06
4.638e-06
2.046e-06
3.113e-06
3.43e-06
2.746e-06
4.104e-06
2.689e-06
2.909e-06
1.855e-06
3.224e-06
4.97e-06
2.635e-06
2.784e-06
1.821e-06
3.435e-06
2.181e-06
1.93e-06
3.098e-06
1.413e-06
3.286e-06
2.561e-06
2.789e-06
2.683e-06
2.905e-06
3.133e-06
2.791e-06
3.051e-06
2.787e-06
2.678e-06
2.853e-06
2.438e-06
2.301e-06
2.345e-06
3.025e-06
2.625e-06
3.438e-06
3.138e-06
1.617e-06
2.116e-06
2.365e-06
2.814e-06
2.609e-06
3.578e-06
3.54e-06
2.893e-06
2.789e-06
1.582e-06
2.923e-06
3.555e-06
1.953e-06
3.094e-06
3.172e-06
2.491e-06
1.897e-06
4.757e-06
2.723e-06
2.731e-06
2.682e-06
2.934e-06
2.237e-06
3.048e-06
2.796e-06
2.251e-06
3.366e-06
3.23e-06
1.773e-06
3.058e-06
3.108e-06
3.253e-06
2.16e-06
2.157e-06
1.749e-06
3.487e-06
3.4e-06
3.175e-06
2.848e-06
3.341e-06
4.042e-06
2.923e-06
3.918e-06
3.726e-06
3.297e-06
4.236e-06
2.77e-06
1.859e-06
2.309e-06
2.553e-06
2.769e-06
1.952e-06
3.528e-06
3.274e-06
4.058e-06
3.915e-06
4.769e-06
5.962e-06
4.196e-06
2.231e-06
1.62e-06
4.084e-06
3.18e-06
1.631e-06
2.838e-06
3.815e-06
2.357e-06
3.423e-06
1.898e-06
1.849e-06
1.758e-06
3.274e-06
3.1e-06
2.402e-06
3.356e-06
3.799e-06
3.81e-06
2.38e-06
3.587e-06
2.869e-06
1.761e-06
3.821e-06
2.39e-06
3.086e-06
3.053e-06
1.562e-06
3.817e-06
3.12e-06
2.681e-06
2.666e-06
2.769e-06
2.903e-06
3.011e-06
4.312e-06
2.768e-06
3.027e-06
1.736e-06
2.1e-06
4.328e-06
1.981e-06
2.013e-06
2.848e-06
2.551e-06
3.399e-06
2.39e-06
2.88e-06
7.586e-06
3.13e-06
2.785e-06
1.983e-06
2.84e-06
3.321e-06
2.865e-06
3.371e-06
2.797e-06
2.118e-06
2.984e-06
2.104e-06
4.454e-06
2.291e-06
2.992e-06
3.215e-06
3.878e-06
4.122e-06
2.811e-06
2.596e-06
3.247e-06
3.228e-06
3.193e-06
2.971e-06
2.785e-06
3.107e-06
2.534e-06
1.623e-06
4.684e-06
2.44e-06
2.753e-06
1.801e-06
2.766e-06
3.504e-06
3.205e-06
3.087e-06
1.767e-06
2.575e-06
3.065e-06
2.92e-06
4.965e-06
2.957e-06
1.79e-06
3.076e-06
2.436e-06
3.699e-06
1.649e-06
1.0128e-05
1.761e-06
3.307e-06
1.973e-06
1.692e-06
3.101e-06
2.182e-06
2.483e-06
3.552e-06
4.09e-06
3.378e-06
3.104e-06
3.517e-06
3.396e-06
2.205e-06
3.051e-06
3.687e-06
2.693e-06
4.182e-06
4.005e-06
3.294e-06
1.906e-06
1.608e-06
3.836e-06
1.594e-06
4.12e-06
2.925e-06
3.059e-06
3.843e-06
3.964e-06
3.537e-06
2.668e-06
2.809e-06
4.228e-06
2.769e-06
2.798e-06
4.334e-06
4.762e-06
3.129e-06
3.704e-06
3.322e-06
2.802e-06
2.653e-06
3.572e-06
3.323e-06
3.105e-06
2.962e-06
2.999e-06
4.101e-06
2.563e-06
2.416e-06
3.372e-06
2.095e-06
1.932e-06
1.575e-06
3.748e-06
2.871e-06
3.053e-06
3.972e-06
4.119e-06
3.817e-06
1.578e-06
2.085e-06
2.362e-06
2.932e-06
2.66e-06
3.153e-06
2.967e-06
2.917e-06
2.698e-06
3.471e-06
3.093e-06
2.895e-06
2.781e-06
3.925e-06
2.698e-06
2.827e-06
2.533e-06
3.783e-06
3.058e-06
1.728e-06
2.166e-06
3.047e-06
3.159e-06
3.54e-06
1.39e-06
2.64e-06
2.723e-06
3.662e-06
3.933e-06
2.359e-06
7.025e-06
3.858e-06
3.447e-06
2.243e-06
2.401e-06
3.27e-06
3.076e-06
3.173e-06
3.136e-06
1.94e-06
3.042e-06
2.155e-06
2.902e-06
3.016e-06
2.609e-06
2.786e-06
3.315e-06
3.675e-06
1.932e-06
2.673e-06
2.717e-06
3.887e-06
1.781e-06
1.43e-06
1.588e-06
2.325e-06
1.965e-06
1.517e-06
2.279e-06
1.864e-06
2.568e-06
2.808e-06
2.072e-06
2.885e-06
3.113e-06
2.235e-06
4.161e-06
2.795e-06
2.054e-06
2.229e-06
2.061e-06
1.896e-06
2.782e-06
3.201e-06
2.22e-06
1.71e-06
2.822e-06
2.75e-06
3.677e-06
3.26e-06
3.961e-06
2.944e-06
3.063e-06
2.787e-06
2.205e-06
1.277e-06
3.098e-06
2.679e-06
3.196e-06
2.122e-06
2.816e-06
2.347e-06
2.783e-06
3.131e-06
2.277e-06
3.592e-06
2.123e-06
2.045e-06
3.834e-06
2.146e-06
1.521e-06
2.773e-06
2.152e-06
2.627e-06
2.2e-06
2.584e-06
1.92e-06
2.634e-06
2.384e-06
2.625e-06
2.279e-06
2.256e-06
2.381e-06
2.051e-06
1.1e-06
2.273e-06
2.017e-06
2.416e-06
2.774e-06
2.252e-06
2.641e-06
2.689e-06
1.751e-06
2.107e-06
1.853e-06
1.612e-06
3.133e-06
3.044e-06
3.093e-06
1.822e-06
3.208e-06
1.359e-06
3.619e-06
3.551e-06
1.886e-06
2.205e-06
2.073e-06
1.863e-06
2.862e-06
1.861e-06
1.348e-06
1.392e-06
1.896e-06
1.986e-06
2.097e-06
3.393e-06
1.392e-06
1.615e-06
1.56e-06
2.66e-06
2.941e-06
1.618e-06
1.656e-06
2.488e-06
3.739e-06
2.294e-06
3.089e-06
2.548e-06
2.862e-06
1.641e-06
2.633e-06
3.96e-06
1.45e-06
2.396e-06
2.608e-06
2.666e-06
2.715e-06
2.422e-06
3.111e-06
2.922e-06
1.863e-06
2.216e-06
2.193e-06
1.966e-06
2.818e-06
2.307e-06
2.723e-06
3.271e-06
3.564e-06
2.185e-06
2.182e-06
2.49e-06
2.162e-06
1.936e-06
2.788e-06
1.978e-06
2.484e-06
1.3e-06
1.98e-06
2.853e-06
1.817e-06
1.579e-06
1.306e-06
1.714e-06
1.48e-06
1.604e-06
2.636e-06
1.758e-06
1.441e-06
2.122e-06
2.388e-06
2.012e-06
1.803e-06
3.197e-06
1.948e-06
2.35e-06
3.324e-06
2.355e-06
2.255e-06
2.607e-06
2.965e-06
2.443e-06
3.227e-06
1.905e-06
2.705e-06
1.627e-06
2.9e-06
2.383e-06
1.208e-06
1.509e-06
1.755e-06
2.276e-06
2.265e-06
2.164e-06
3.231e-06
3.296e-06
2.792e-06
3.284e-06
2.989e-06
2.794e-06
2.453e-06
1.715e-06
1.945e-06
2.413e-06
1.896e-06
3.338e-06
2.863e-06
2.081e-06
2.312e-06
2.777e-06
2.195e-06
2.633e-06
3.373e-06
2.391e-06
4.198e-06
1.406e-06
2.976e-06
2.187e-06
2.324e-06
2.985e-06
3.301e-06
3.448e-06
3.868e-06
2.619e-06
1.999e-06
1.491e-06
4.04e-06
2.938e-06
2.794e-06
2.822e-06
2.575e-06
3.148e-06
2.286e-06
1.932e-06
2.64e-06
2.65e-06
3.139e-06
3.012e-06
1.686e-06
4.247e-06
2.915e-06
2.16e-06
1.58e-06
2.215e-06
2.636e-06
2.679e-06
1.463e-06
1.581e-06
1.479e-06
1.429e-06
2.57e-06
3.025e-06
1.513e-06
1.788e-06
1.864e-06
2.162e-06
1.702e-06
2.526e-06
2.719e-06
2.884e-06
1.826e-06
3.568e-06
2.959e-06
2.675e-06
2.032e-06
1.475e-06
1.888e-06
2.078e-06
1.913e-06
1.466e-06
1.211e-06
2.115e-06
2.051e-06
3.458e-06
2.624e-06
2.05e-06
2.631e-06
1.8e-06
2.823e-06
2.701e-06
2.885e-06
4.055e-06
2.7e-06
2.093e-06
1.534e-06
3.066e-06
2.126e-06
1.997e-06
3.258e-06
2.442e-06
1.45e-06
2.776e-06
2.097e-06
2.849e-06
2.997e-06
2.897e-06
1.781e-06
1.229e-06
1.919e-06
2.667e-06
2.769e-06
1.469e-06
2.387e-06
2.735e-06
1.718e-06
2.135e-06
1.842e-06
1.789e-06
2.211e-06
2.935e-06
3.083e-06
2.518e-06
2.403e-06
3.412e-06
3.123e-06
3.246e-06
3.283e-06
3.957e-06
2.422e-06
2.677e-06
3.159e-06
2.72e-06
2.258e-06
1.827e-06
2.834e-06
4.25e-06
2.73e-06
2.36e-06
1.599e-06
3.072e-06
2.798e-06
2.562e-06
2.575e-06
1.714e-06
2.88e-06
2.328e-06
2.751e-06
2.878e-06
2.259e-06
3.479e-06
2.629e-06
2.865e-06
2.922e-06
3.431e-06
3.395e-06
2.291e-06
2.491e-06
3.598e-06
1.618e-06
2.612e-06
1.868e-06
3.679e-06
2.843e-06
3.457e-06
2.804e-06
2.681e-06
3.93e-06
1.287e-06
2.252e-06
1.54e-06
3.136e-06
2.406e-06
1.935e-06
3.13e-06
2.442e-06
3.874e-06
2.927e-06
1.816e-06
1.539e-06
2.309e-06
2.402e-06
2.873e-06
2.91e-06
2.35e-06
3.883e-06
2.75e-06
3.427e-06
2.254e-06
3.763e-06
3.199e-06
2.647e-06
1.386e-06
2.597e-06
1.618e-06
3.064e-06
1.61e-06
1.309e-06
1.645e-06
3.543e-06
1.762e-06
1.584e-06
2.395e-06
1.82e-06
2.991e-06
1.465e-06
1.14e-06
1.537e-06
1.571e-06
1.966e-06
3.405e-06
2.085e-06
2.411e-06
2.373e-06
1.259e-06
3.172e-06
1.554e-06
1.928e-06
1.408e-06
2.961e-06
2.962e-06
2.78e-06
1.768e-06
1.96e-06
2.075e-06
3.524e-06
2.362e-06
2.699e-06
2.235e-06
1.248e-06
2.572e-06
1.523e-06
2.775e-06
1.607e-06
1.977e-06
2.433e-06
1.993e-06
1.518e-06
2.577e-06
3.122e-06
2.055e-06
2.49e-06
3.018e-06
2.57e-06
2.298e-06
1.83e-06
1.319e-06
2.92e-06
1.613e-06
1.138e-06
1.576e-06
1.565e-06
2.46e-06
2.259e-06
2.103e-06
1.678e-06
3.705e-06
1.047e-05
1.784e-06
1.587e-06
2.335e-06
2.513e-06
1.89e-06
3.98e-06
1.83e-06
1.625e-06
1.664e-06
2.114e-06
1.567e-06
2.053e-06
2.467e-06
1.48e-06
2.922e-06
4.024e-06
2.422e-06
2.054e-06
1.37e-06
2.913e-06
2.35e-06
1.616e-06
1.185e-06
3.13e-06
2.297e-06
2.03e-06
1.549e-06
2.383e-06
2.747e-06
1.865e-06
2.652e-06
3.071e-06
1.97e-06
3.022e-06
2.565e-06
1.432e-06
2.809e-06
3.056e-06
1.729e-06
1.675e-06
3.359e-06
3.207e-06
3.406e-06
4.091e-06
2.469e-06
4.279e-06
2.912e-06
3.233e-06
1.489e-06
3.052e-06
2.629e-06
1.679e-06
3.105e-06
3.366e-06
1.656e-06
2.071e-06
1.595e-06
1.539e-06
1.992e-06
2.513e-06
2.84e-06
3.482e-06
3.187e-06
2.142e-06
1.38e-06
2.619e-06
1.751e-06
2.947e-06
4.021e-06
1.918e-06
1.688e-06
2.229e-06
2.821e-06
3.783e-06
2.526e-06
2.758e-06
3.05e-06
2.929e-06
2.985e-06
2.58e-06
4.794e-06
2.972e-06
1.493e-06
1.953e-06
4.729e-06
3.386e-06
2.727e-06
3.27e-06
3.546e-06
3.22e-06
2.857e-06
2.102e-06
2.733e-06
2.286e-06
2.276e-06
1.822e-06
2.355e-06
1.797e-06
3.253e-06
1.703e-06
2.192e-06
2.461e-06
2.094e-06
3.113e-06
1.618e-06
3.473e-06
2.702e-06
2.496e-06
3.163e-06
1.229e-06
3.426e-06
6.362e-06
2.799e-06
2.017e-06
1.926e-06
3.289e-06
2.881e-06
1.648e-06
2.808e-06
2.416e-06
2.676e-06
3.572e-06
3.649e-06
4.144e-06
2.634e-06
2.486e-06
4.438e-06
1.25e-06
2.38e-06
3.397e-06
3.216e-06
1.614e-06
2.496e-06
4.646e-06
2.375e-06
3.923e-06
3.257e-06
3.303e-06
1.881e-06
2.534e-06
3.056e-06
1.54e-06
2.907e-06
4.059e-06
3.488e-06
3.143e-06
2.118e-06
3.715e-06
3.831e-06
2.696e-06
3.078e-06
4.637e-06
1.816e-06
4.207e-06
2.389e-06
1.595e-06
3.113e-06
4.59e-06
2.16e-06
2.001e-06
2.742e-06
1.896e-06
1.705e-06
2.638e-06
2.077e-06
2.762e-06
1.844e-06
2.662e-06
2.406e-06
2.564e-06
3.911e-06
2.864e-06
2.95e-06
3.583e-06
2.899e-06
2.472e-06
4.919e-06
2.968e-06
1.631e-06
2.749e-06
1.8e-06
3.728e-06
2.695e-06
2.489e-06
2.502e-06
2.859e-06
3.276e-06
2.533e-06
2.668e-06
2.091e-06
1.063e-06
2.425e-06
3e-06
2.138e-06
2.015e-06
1.273e-06
3.491e-06
2.63e-06
1.951e-06
1.719e-06
2.909e-06
4.531e-06
2.372e-06
3.064e-06
2.791e-06
2.006e-06
1.618e-06
2.107e-06
1.94e-06
3.939e-06
2.74e-06
1.655e-06
2.663e-06
2.815e-06
3.429e-06
2.992e-06
2.152e-06
2.334e-06
2.763e-06
3.979e-06
2.857e-06
1.596e-06
1.56e-06
2.514e-06
1.577e-06
2.111e-06
3.055e-06
2.186e-06
2.152e-06
2.368e-06
1.955e-06
2.021e-06
1.953e-06
1.677e-06
2.61e-06
2.2e-06
3.147e-06
3.465e-06
2.541e-06
3.189e-06
3.009e-06
2.137e-06
4.144e-06
2.058e-06
2.558e-06
2.724e-06
2.141e-06
2.589e-06
3.416e-06
1.421e-06
2.419e-06
3.111e-06
2.516e-06
1.649e-06
2.644e-06
5.027e-06
1.451e-06
3.409e-06
3.706e-06
2.88e-06
2.446e-06
2.86e-06
2.904e-06
3.238e-06
2.222e-06
3.202e-06
1.566e-06
2.959e-06
2.87e-06
1.347e-06
2.849e-06
2.867e-06
2.487e-06
3.003e-06
2.793e-06
1.557e-06
3.79e-06
2.074e-06
4.002e-06
3.686e-06
1.805e-06
3.058e-06
5.01e-06
3.183e-06
3.237e-06
3.631e-06
3.037e-06
1.583e-06
1.565e-06
1.689e-06
4.073e-06
2.137e-06
2.374e-06
3.85e-06
3.015e-06
2.427e-06
3.56e-06
2.267e-06
3.204e-06
2.63e-06
1.253e-06
3.003e-06
2.797e-06
2.709e-06
2.278e-06
3.3e-06
2.535e-06
1.493e-06
2.302e-06
2.397e-06
2.158e-06
3.967e-06
2.441e-06
2.562e-06
1.312e-06
1.984e-06
3.064e-06
2.612e-06
2.865e-06
3.716e-06
2.885e-06
4.259e-06
2.412e-06
3.417e-06
2.336e-06
2.958e-06
2.779e-06
2.352e-06
2.422e-06
3.243e-06
4.226e-06
2.827e-06
2.651e-06
3.148e-06
2.966e-06
2.364e-06
2.228e-06
2.661e-06
2.683e-06
1.647e-06
1.284e-06
1.801e-06
2.956e-06
2.728e-06
3.041e-06
3.025e-06
3.262e-06
3.483e-06
2.132e-06
2.027e-06
1.174e-06
2.772e-06
3.222e-06
2.199e-06
2.633e-06
3.624e-06
3.831e-06
3.792e-06
1.523e-06
2.397e-06
2.981e-06
2.484e-06
2.631e-06
4.264e-06
2.666e-06
2.688e-06
2.652e-06
2.744e-06
3.576e-06
1.162e-06
2.983e-06
4.629e-06
2.645e-06
1.816e-06
2.639e-06
3.152e-06
2.943e-06
3.131e-06
2.808e-06
3.336e-06
2.331e-06
2.545e-06
3.027e-06
2.059e-06
3.629e-06
3.951e-06
4.15e-06
2.712e-06
2.715e-06
2.262e-06
3.569e-06
1.534e-06
2.808e-06
5.202e-06
2.638e-06
1.609e-06
1.596e-06
2.932e-06
2.86e-06
2.384e-06
3.064e-06
2.599e-06
1.48e-06
2.03e-06
3.292e-06
4.155e-06
3.611e-06
4.201e-06
3.028e-06
2.226e-06
1.681e-06
2.887e-06
2.87e-06
2.294e-06
4.98e-06
3.358e-06
2.74e-06
3.516e-06
3.242e-06
4.759e-06
3.175e-06
3.029e-06
1.472e-06
2.314e-06
2.546e-06
3.283e-06
2.45e-06
1.831e-06
3.385e-06
3.951e-06
3.451e-06
1.946e-06
3.047e-06
3.889e-06
2.945e-06
2.817e-06
2.583e-06
2.933e-06
1.964e-06
1.526e-06
2.176e-06
1.996e-06
2.469e-06
7.46e-06
2.988e-06
2.625e-06
2.857e-06
2.047e-06
3.518e-06
2.217e-06
2.54e-06
3.576e-06
2.591e-06
3.483e-06
1.245e-06
1.247e-06
2.438e-06
2.763e-06
2.132e-06
2.415e-06
2.105e-06
2.232e-06
2.98e-06
1.757e-06
3.117e-06
3.268e-06
2.879e-06
3.744e-06
2.822e-06
2.617e-06
2.383e-06
3.109e-06
1.967e-06
1.209e-06
1.895e-06
3.725e-06
2.125e-06
1.947e-06
2.5e-06
2.334e-06
1.847e-06
1.594e-06
2.023e-06
2.317e-06
3.385e-06
2.32e-06
1.963e-06
2.155e-06
2.652e-06
1.275e-06
1.93e-06
2.268e-06
1.952e-06
2.97e-06
2.241e-06
2.06e-06
2.029e-06
1.858e-06
2.527e-06
2.702e-06
2.524e-06
3.864e-06
3.718e-06
2.403e-06
2.688e-06
3.084e-06
2.085e-06
1.913e-06
1.787e-06
2.554e-06
2.321e-06
1.657e-06
1.861e-06
3.312e-06
1.963e-06
1.778e-06
1.846e-06
1.771e-06
2.035e-06
1.551e-06
1.915e-06
1.625e-06
1.736e-06
2.49e-06
1.801e-06
2.225e-06
1.604e-06
2.219e-06
2.568e-06
1.448e-06
2.021e-06
2.594e-06
2.044e-06
2.376e-06
1.413e-06
2.475e-06
1.143e-06
2.881e-06
2.558e-06
2.785e-06
2.682e-06
2.813e-06
2.218e-06
2.395e-06
3.286e-06
2.476e-06
1.242e-06
2.273e-06
3.426e-06
1.257e-06
1.354e-06
2.851e-06
2.558e-06
2.817e-06
2.814e-06
2.513e-06
2.685e-06
1.804e-06
2.657e-06
2.228e-06
2.972e-06
2.634e-06
2.734e-06
2.104e-06
2.048e-06
3.209e-06
1.573e-06
2.539e-06
2.353e-06
2.497e-06
2.702e-06
2.869e-06
3.111e-06
3.458e-06
2.03e-06
2.713e-06
2.777e-06
1.79e-06
2.258e-06
1.594e-06
2.294e-06
2.781e-06
3.584e-06
3.533e-06
3.043e-06
1.682e-06
4.832e-06
1.623e-06
2.38e-06
2.286e-06
5.038e-06
2.395e-06
2.765e-06
3.024e-06
1.932e-06
1.73e-06
2.236e-06
3.852e-06
2.29e-06
2.268e-06
2.274e-06
1.736e-06
3.023e-06
2.714e-06
3.057e-06
3.245e-06
1.643e-06
2.1e-06
2.247e-06
2.745e-06
2.6e-06
3.506e-06
1.895e-06
2.844e-06
3.228e-06
2.508e-06
2.577e-06
1.704e-06
2.564e-06
2.343e-06
2.184e-06
2.362e-06
1.392e-06
2.91e-06
2.933e-06
6.649e-06
3.583e-06
2.396e-06
3.134e-06
2.068e-06
2.355e-06
1.329e-06
1.547e-06
2.024e-06
3.135e-06
2.41e-06
3.151e-06
3.093e-06
1.611e-06
2.346e-06
2.695e-06
3.994e-06
1.243e-06
2.018e-06
1.272e-06
1.428e-06
1.811e-06
1.509e-06
3.422e-06
1.871e-06
1.205e-06
1.34e-06
1.186e-06
2.299e-06
2.979e-06
2.508e-06
2.402e-06
2.612e-06
1.274e-06
3.075e-06
2.01e-06
3.461e-06
1.781e-06
1.532e-06
1.559e-06
2.315e-06
3.06e-06
1.211e-06
2.005e-06
3.872e-06
2.328e-06
2.112e-06
1.97e-06
2.49e-06
2.487e-06
2.943e-06
2.38e-06
2.246e-06
1.901e-06
1.836e-06
1.612e-06
1.972e-06
2.711e-06
2.192e-06
2.736e-06
2.57e-06
1.705e-06
1.566e-06
1.817e-06
2.091e-06
2.484e-06
1.656e-06
2.712e-06
2.051e-06
2.194e-06
2.968e-06
2.346e-06
1.833e-06
2.358e-06
2.875e-06
3.172e-06
3.489e-06
2.949e-06
2.913e-06
2.814e-06
1.902e-06
3.295e-06
3.091e-06
1.927e-06
2.665e-06
1.511e-06
2.465e-06
1.467e-06
2.315e-06
2.095e-06
1.846e-06
2.008e-06
1.388e-06
2.376e-06
2.559e-06
3.068e-06
1.442e-06
3.31e-06
2.518e-06
2.191e-06
2.501e-06
2.926e-06
1.517e-06
2.761e-06
1.374e-06
2.371e-06
2.553e-06
1.954e-06
2.44e-06
2.842e-06
1.775e-06
2.371e-06
2.425e-06
2.755e-06
2.76e-06
2.235e-06
3.029e-06
3.924e-06
2.456e-06
2.295e-06
2.992e-06
2.266e-06
3.193e-06
2.831e-06
3.972e-06
2.293e-06
1.98e-06
2.364e-06
2.678e-06
2.176e-06
2.957e-06
2.177e-06
4.162e-06
2.389e-06
2.523e-06
2.154e-06
3.4e-06
2.05e-06
1.776e-06
1.615e-06
3.088e-06
2.468e-06
2.52e-06
2.53e-06
1.371e-06
2.893e-06
2.092e-06
2.331e-06
1.661e-06
5.036e-06
2.032e-06
2.492e-06
3.213e-06
3.529e-06
2.418e-06
2.589e-06
1.548e-06
3.208e-06
2.071e-06
2.046e-06
2.72e-06
1.485e-06
2.386e-06
1.894e-06
2.547e-06
2.348e-06
1.372e-06
1.506e-06
1.251e-06
1.488e-06
2.219e-06
3.678e-06
2.867e-06
1.834e-06
2.995e-06
2.479e-06
1.573e-06
2.342e-06
1.353e-06
2.205e-06
3.42e-06
3.219e-06
1.636e-06
2.285e-06
2.211e-06
1.473e-06
3.333e-06
2.708e-06
1.378e-06
2.793e-06
1.542e-06
2.165e-06
2.986e-06
3.109e-06
1.504e-06
2.649e-06
2.615e-06
2.098e-06
3.695e-06
2.895e-06
2.436e-06
1.852e-06
1.0243e-05
2.698e-06
3.267e-06
2.591e-06
2.188e-06
1.174e-06
1.447e-06
1.23e-06
1.187e-06
8.96e-07
9.81e-07
1.246e-06
1.07e-06
1.091e-06
1.24e-06
7.26e-07
1.111e-06
1.587e-06
1.358e-06
1.511e-06
1.127e-06
1.22e-06
1.331e-06
1.15e-06
1.725e-06
9.87e-07
1e-06
1.274e-06
1.638e-06
1.033e-06
1e-06
1.394e-06
8.46e-07
1.559e-06
1.234e-06
1.314e-06
7.3e-07
1.241e-06
1.689e-06
1.424e-06
7.51e-07
1.26e-06
1.199e-06
1.8e-06
9.33e-07
1.515e-06
2.195e-06
2.276e-06
1.308e-06
9.08e-07
8.37e-07
1.163e-06
1.361e-06
1.225e-06
9.84e-07
1.678e-06
1.399e-06
1.271e-06
1.169e-06
1.55e-06
1.497e-06
6.37e-07
1.128e-06
1.714e-06
1.497e-06
1.211e-06
9.18e-07
1.24e-06
1.294e-06
1.09e-06
7.39e-07
1.159e-06
2e-06
1.075e-06
7.85e-07
2.924e-06
2.791e-06
3.629e-06
2.312e-06
1.696e-06
2.23e-06
2.336e-06
1.137e-06
3.384e-06
1.857e-06
2.466e-06
2.933e-06
1.993e-06
1.834e-06
3.021e-06
2.538e-06
2.889e-06
3.613e-06
2.589e-06
2.421e-06
2.305e-06
2.536e-06
2.641e-06
2.727e-06
2.571e-06
1.698e-06
2.9e-06
2.537e-06
2.066e-06
1.947e-06
2.203e-06
3.75e-06
2.28e-06
2.473e-06
2.575e-06
1.356e-06
3.787e-06
2.736e-06
2e-06
2.505e-06
2.445e-06
3.421e-06
2.449e-06
2.211e-06
3.59e-06
2.847e-06
1.894e-06
2.126e-06
2.539e-06
2.109e-06
1.986e-06
2.226e-06
1.852e-06
1.527e-06
1.9e-06
2.289e-06
2.247e-06
3.169e-06
2.371e-06
2.25e-06
2.553e-06
2.756e-06
1.883e-06
2.397e-06
2.507e-06
1.839e-06
1.994e-06
3.567e-06
2.732e-06
1.308e-06
2.305e-06
4.352e-06
2.548e-06
2.619e-06
2.267e-06
2.598e-06
3.94e-06
1.202e-06
2.524e-06
3.12e-06
2.644e-06
2.173e-06
3.13e-06
2.634e-06
2.266e-06
2.733e-06
2.764e-06
2.269e-06
2.722e-06
1.863e-06
3.543e-06
2.018e-06
2.275e-06
1.377e-06
3.599e-06
2.005e-06
1.996e-06
2.51e-06
4.682e-06
2.986e-06
1.76e-06
2.535e-06
2.717e-06
1.906e-06
2.487e-06
2.561e-06
2.473e-06
2.138e-06
1.986e-06
2.266e-06
2.077e-06
3.009e-06
1.544e-06
1.748e-06
1.794e-06
3.546e-06
2.168e-06
2.514e-06
3.098e-06
2.848e-06
1.488e-06
1.519e-06
2.472e-06
2.758e-06
2.536e-06
2.146e-06
2.262e-06
1.923e-06
2.137e-06
1.929e-06
1.776e-06
2.135e-06
3.773e-06
2.779e-06
2.216e-06
1.508e-06
2.711e-06
2.687e-06
3.279e-06
3.23e-06
3.731e-06
2.585e-06
2.477e-06
1.915e-06
2.313e-06
2.427e-06
2.007e-06
1.897e-06
2.82e-06
2.328e-06
2.419e-06
2.263e-06
3.005e-06
2.292e-06
3.587e-06
2.214e-06
4.132e-06
1.873e-06
2.681e-06
2.232e-06
2.197e-06
1.962e-06
2.598e-06
2.116e-06
2.218e-06
2.831e-06
2.894e-06
3.019e-06
2.757e-06
3.346e-06
3.166e-06
2.973e-06
3.203e-06
2.654e-06
2.224e-06
3.536e-06
3.338e-06
2.627e-06
2.173e-06
2.592e-06
3.583e-06
3.473e-06
2.207e-06
1.49e-06
4.184e-06
3.167e-06
3.248e-06
2.929e-06
2.614e-06
4.506e-06
5.513e-06
2.574e-06
1.271e-06
1.534e-06
3.005e-06
2.671e-06
2.75e-06
2.982e-06
2.67e-06
2.253e-06
2.21e-06
2.305e-06
2.169e-06
1.763e-06
2.611e-06
2.184e-06
2.399e-06
2.063e-06
2.615e-06
2.628e-06
2.137e-06
2.292e-06
5.038e-06
2.701e-06
1.739e-06
2.553e-06
2.074e-06
3.763e-06
3.126e-06
3.142e-06
1.419e-06
2.469e-06
1.305e-06
1.548e-06
1.787e-06
1.737e-06
2.158e-06
2.074e-06
2.077e-06
2.074e-06
2.648e-06
3.521e-06
3.449e-06
3.678e-06
3.604e-06
2.456e-06
2.462e-06
2.401e-06
1.424e-06
1.159e-06
1.523e-06
2.011e-06
1.529e-06
2.039e-06
2.336e-06
3.071e-06
2.703e-06
2.856e-06
2.594e-06
3.369e-06
3.537e-06
2.14e-06
2.538e-06
2.056e-06
2.608e-06
2.573e-06
2.343e-06
2.197e-06
3.13e-06
2.805e-06
3.213e-06
2.876e-06
1.246e-06
2.498e-06
2.005e-06
2.107e-06
3.195e-06
1.335e-06
2.272e-06
1.967e-06
2.081e-06
2.634e-06
3.648e-06
4.064e-06
2.539e-06
2.321e-06
2.413e-06
3.597e-06
3.289e-06
2.446e-06
2.516e-06
2.722e-06
1.782e-06
2.596e-06
2.717e-06
2.354e-06
3.079e-06
2.223e-06
2.445e-06
1.662e-06
2.214e-06
2.809e-06
1.845e-06
3.025e-06
1.333e-06
2.691e-06
2.762e-06
1.216e-06
2.249e-06
1.373e-06
1.675e-06
1.394e-06
3.321e-06
4.505e-06
2.331e-06
2.662e-06
2.314e-06
2.135e-06
2.913e-06
2.244e-06
2.761e-06
2.284e-06
2.894e-06
2.072e-06
4.048e-06
2.495e-06
1.086e-06
1.975e-06
1.046e-06
3.445e-06
3.022e-06
4.544e-06
2.766e-06
2.174e-06
2.094e-06
2.489e-06
1.571e-06
2.07e-06
3.008e-06
3.068e-06
1.378e-06
2.392e-06
3.734e-06
3.371e-06
2.612e-06
1.215e-06
3.531e-06
2.471e-06
2.701e-06
2.443e-06
2.13e-06
3.27e-06
2.424e-06
1.925e-06
2.645e-06
2.866e-06
1.928e-06
2.663e-06
1.132e-06
2.883e-06
2.217e-06
1.846e-06
2.336e-06
3.489e-06
2.591e-06
1.929e-06
1.512e-06
2.82e-06
3.011e-06
1.604e-06
2.021e-06
2.39e-06
2.061e-06
2.248e-06
2.272e-06
3.104e-06
1.838e-06
2.336e-06
2.507e-06
2.116e-06
3.199e-06
2.48e-06
3.312e-06
2.074e-06
2.163e-06
3.658e-06
2.956e-06
2.566e-06
2.471e-06
2.235e-06
3.012e-06
2.12e-06
2.057e-06
1.246e-06
3.102e-06
4.893e-06
2.629e-06
2.755e-06
1.853e-06
2.056e-06
2.239e-06
3.036e-06
2.373e-06
2.063e-06
2.253e-06
5.569e-06
4.396e-06
3.569e-06
2.961e-06
3.917e-06
2.269e-06
3.113e-06
2.229e-06
2.793e-06
2.661e-06
3.492e-06
3.422e-06
3.328e-06
5.461e-06
3.648e-06
3.942e-06
2.185e-06
1.654e-06
2.624e-06
2.377e-06
3.041e-06
2.422e-06
2.092e-06
2.041e-06
1.993e-06
1.988e-06
2.193e-06
3.244e-06
4.173e-06
2.076e-06
2.538e-06
2.823e-06
1.925e-06
2.32e-06
3.111e-06
3.518e-06
3.372e-06
3.439e-06
4.068e-06
2.823e-06
3.388e-06
2.567e-06
3.142e-06
3.361e-06
1.536e-06
2.556e-06
3.339e-06
2.327e-06
2.352e-06
1.778e-06
1.447e-06
1.498e-06
1.568e-06
1.933e-06
2.767e-06
1.911e-06
1.975e-06
1.856e-06
2.237e-06
1.449e-06
2.365e-06
1.438e-06
2.573e-06
2.11e-06
2.377e-06
1.678e-06
1.23e-06
2.568e-06
2.19e-06
2.607e-06
2.525e-06
2.108e-06
1.96e-06
1.089e-06
1.732e-06
1.658e-06
1.295e-06
1.966e-06
2.095e-06
2.068e-06
1.571e-06
2.498e-06
2.247e-06
1.992e-06
2.052e-06
1.246e-06
2.03e-06
1.735e-06
1.433e-06
1.865e-06
2.036e-06
3.278e-06
1.418e-06
1.293e-06
2.242e-06
1.143e-06
1.277e-06
1.911e-06
1.739e-06
2.18e-06
1.755e-06
2.35e-06
2.192e-06
1.818e-06
2.219e-06
1.849e-06
1.953e-06
2.303e-06
1.262e-06
2.029e-06
1.24e-06
2.924e-06
2.228e-06
1.22e-06
2.317e-06
1.968e-06
1.459e-06
3.036e-06
1.216e-06
1.319e-06
2.083e-06
2.382e-06
2.52e-06
2.238e-06
2.418e-06
3.206e-06
2.176e-06
2.034e-06
1.751e-06
1.454e-06
2.314e-06
2.246e-06
1.969e-06
4.851e-06
2.353e-06
2.396e-06
1.939e-06
1.993e-06
1.385e-06
1.956e-06
3.944e-06
2.979e-06
2.457e-06
2.199e-06
1.995e-06
1.279e-06
2.388e-06
2.476e-06
3.374e-06
2.287e-06
1.738e-06
2.925e-06
1.272e-06
2.698e-06
3.135e-06
1.299e-06
3.332e-06
2.55e-06
2.436e-06
2.771e-06
2.57e-06
2.303e-06
2.183e-06
2.71e-06
3.826e-06
4.08e-06
3.214e-06
2.524e-06
1.929e-06
